( -39  -0  45  )
( -11  5  28  )
( -42  -22  -39  )
( 27  -40  43  )
( -7  28  24  )
( -27  42  -24  )
( 8  -13  14  )
( 44  -38  34  )
( 4  -14  -10  )
( -46  4  -43  )
( 2  -8  11  )
( -28  0  -15  )
( -25  -49  -24  )
( -11  20  46  )
( 48  -28  20  )
( 37  -38  2  )
( -42  -23  9  )
( -49  -19  40  )
( -45  -16  1  )
( -48  42  33  )
( 39  -30  10  )
( 31  -45  22  )
( -0  -40  33  )
( 2  -5  18  )
( -49  -12  -13  )
( -41  -47  -38  )
( 29  5  -45  )
( -1  -10  35  )
( 4  5  -24  )
( -26  -0  9  )
( -19  4  -1  )
( -3  41  10  )
( -24  29  1  )
( -38  -18  -5  )
( -2  47  16  )
( -38  -45  -19  )
( 42  -2  4  )
( -31  -48  35  )
( 13  18  -41  )
( 35  12  42  )
( 26  -9  -7  )
( -44  -13  -35  )
( -8  -32  -46  )
( 39  37  -26  )
( -25  34  27  )
( 36  -38  -18  )
( -49  -3  -31  )
( -11  13  16  )
( 8  47  24  )
( 36  28  24  )
( 9  12  -45  )
( -11  30  4  )
( 46  -47  -49  )
( -21  1  -7  )
( 43  34  29  )
( 40  19  -37  )
( 42  26  14  )
( -9  -16  39  )
( -7  -46  34  )
( -32  45  39  )
( 49  -21  -0  )
( 25  -36  -46  )
( -0  -17  -30  )
( -25  8  48  )
( 47  -31  8  )
( 15  20  -5  )
( -4  48  -32  )
( -14  31  49  )
( -33  -32  -29  )
( 49  20  10  )
( 29  -14  26  )
( 16  32  11  )
( -20  -27  5  )
( 28  -26  2  )
( 22  -16  -43  )
( 8  -48  23  )
( -5  -49  -46  )
( -28  8  33  )
( 47  -5  43  )
( 6  46  23  )
( 33  0  7  )
( 34  17  16  )
( -12  42  -21  )
( -44  -18  30  )
( 36  2  14  )
( -6  -24  -30  )
( 34  -18  17  )
( -47  9  -28  )
( 0  39  37  )
( 49  -6  -21  )
( -0  22  -48  )
( -16  -24  -12  )
( -16  -17  -47  )
( 41  -6  26  )
( 29  27  -33  )
( 2  -15  -5  )
( -25  -42  -43  )
( -44  13  -29  )
( 36  -20  26  )
( 46  -10  -47  )
( -6  -22  16  )
( 47  12  -5  )
( 36  2  14  )
( -13  20  15  )
( 49  -15  44  )
( 12  8  -17  )
( -23  21  -5  )
( 15  -13  39  )
( 9  -15  13  )
( -32  -4  -45  )
( 23  -6  -31  )
( -37  34  29  )
( -11  -44  -5  )
( -21  25  46  )
( -25  7  -27  )
( 18  -27  -3  )
( 27  33  -25  )
( 4  -2  15  )
( -36  13  -49  )
( 45  5  46  )
( 10  -30  48  )
( -28  17  -25  )
( -15  1  -35  )
( 21  -18  39  )
( 43  -2  27  )
( 49  14  -45  )
( 46  0  -11  )
( 16  -34  -39  )
( -34  38  28  )
( 37  4  -40  )
( 34  28  17  )
( 2  -30  22  )
( -34  -7  3  )
( 8  -29  41  )
( 38  -20  -27  )
( 23  30  -4  )
( 31  -27  20  )
( -2  -44  -14  )
( 38  21  -48  )
( 14  -20  -33  )
( -3  -12  -38  )
( -7  -35  -12  )
( 13  32  20  )
( -43  -31  36  )
( 49  47  -34  )
( -8  -20  -33  )
( 3  4  -25  )
( 38  1  34  )
( 23  42  -47  )
( 20  -39  4  )
( 9  -5  -33  )
( 23  -39  2  )
( 29  43  33  )
( 14  0  9  )
( -19  -14  12  )
( 17  16  19  )
( 49  -32  -8  )
( 49  -22  -31  )
( 15  -33  42  )
( 13  45  32  )
( -39  30  -19  )
( -43  -5  -47  )
( -27  -43  9  )
( 18  -47  38  )
( -19  -46  -49  )
( -25  -0  27  )
( -38  48  17  )
( -7  -12  -24  )
( -17  1  -38  )
( -20  46  32  )
( -15  6  0  )
( 2  17  23  )
( -25  -16  -44  )
( -17  14  36  )
( -13  -44  22  )
( 32  -3  12  )
( 6  45  17  )
( -44  -14  5  )
( 2  -11  8  )
( -31  -22  -12  )
( -40  28  -4  )
( -29  23  -16  )
( 1  14  7  )
( 49  -31  5  )
( 21  -14  -12  )
( -45  -44  11  )
( 23  18  -40  )
( 18  0  20  )
( -29  25  24  )
( 48  17  24  )
( 9  -11  34  )
( 34  -42  -30  )
( -13  -29  -43  )
( 35  -16  -3  )
( 32  -39  29  )
( -29  -46  19  )
( -4  -3  -9  )
( 47  -11  -18  )
( -14  -20  -40  )
( 17  39  2  )
( 21  -17  -35  )
( -33  24  36  )
( -5  -1  -18  )
( -10  22  16  )
( 41  37  -6  )
( 32  -31  5  )
( -44  10  -33  )
( -33  29  11  )
( -15  22  -34  )
( -27  17  18  )
( -3  -22  49  )
( 43  -48  33  )
( 13  40  -5  )
