( -19  -23  -5  )
( 17  -13  -3  )
( 32  -14  -19  )
( -17  -20  13  )
( 39  11  43  )
( -42  45  -25  )
( -39  27  34  )
( -48  38  5  )
( -2  -39  35  )
( -47  -15  -21  )
( 34  35  20  )
( -13  27  -0  )
( -45  -36  48  )
( 28  4  41  )
( 9  22  -3  )
( -30  17  -29  )
( -7  13  -37  )
( -18  -38  4  )
( -16  30  11  )
( 40  31  -23  )
( 19  43  -8  )
( -21  -23  -2  )
( 17  4  30  )
( -30  -14  2  )
( 13  3  -22  )
( 8  40  11  )
( 21  41  49  )
( -46  27  34  )
( 2  8  -7  )
( 2  24  36  )
( -2  -35  7  )
( -32  46  -37  )
( -11  -35  44  )
( -46  -0  -5  )
( -10  20  42  )
( 46  19  38  )
( -32  -5  -7  )
( -43  14  -23  )
( -8  -27  -11  )
( -21  42  8  )
( -31  44  21  )
( -43  -18  39  )
( -22  46  -12  )
( 10  -24  43  )
( 26  -13  3  )
( 48  42  -21  )
( -5  -48  40  )
( 18  -29  6  )
( -2  38  49  )
( -22  -23  -21  )
( 35  -30  41  )
( 38  3  35  )
( -49  -30  -18  )
( 39  1  0  )
( -33  21  -15  )
( 43  18  3  )
( -2  46  40  )
( -41  -24  -19  )
( 14  -42  -6  )
( 31  -17  -32  )
( 3  36  -47  )
( -23  9  28  )
( -6  -46  11  )
( -44  46  -4  )
( 5  28  -27  )
( 16  -15  24  )
( 24  36  -31  )
( -18  34  -9  )
( 4  -12  -49  )
( 29  6  -8  )
( 26  -2  1  )
( 17  -20  -35  )
( 2  -26  19  )
( 2  31  49  )
( -15  31  21  )
( 44  37  -5  )
( 13  11  -44  )
( 16  -49  -2  )
( 13  -48  11  )
( 20  -8  33  )
( -41  37  16  )
( -2  -17  23  )
( 49  17  -44  )
( 21  4  -17  )
( 22  27  40  )
( -1  -41  14  )
( -2  -12  -19  )
( 15  -44  -2  )
( -16  -44  40  )
( 48  41  -15  )
( 45  -43  2  )
( 6  -4  -34  )
( -31  18  23  )
( 22  -17  -20  )
( -42  -0  44  )
( -48  21  -4  )
( -17  -6  -23  )
( 27  -31  -36  )
( -17  21  24  )
( 11  31  -30  )
( -5  -21  7  )
( 20  -40  -43  )
( -40  4  14  )
( -25  17  47  )
( 20  1  -17  )
( -32  24  10  )
( -35  39  16  )
( -19  1  31  )
( 5  -28  26  )
( 10  27  5  )
( 5  18  -42  )
( 30  -22  39  )
( -46  -3  -32  )
( 24  5  8  )
( -8  -6  -27  )
( -23  -9  -25  )
( -34  -42  8  )
( 26  42  -34  )
( -12  15  -37  )
( -7  49  -36  )
( -21  -12  34  )
( 21  -1  -30  )
( -6  27  9  )
( -2  -12  -30  )
( 10  43  5  )
( -28  3  -23  )
( -46  -8  -14  )
( -16  -47  -21  )
( 41  26  -1  )
( -30  -16  32  )
( 47  39  33  )
( 43  -11  -14  )
( 24  -8  26  )
( 24  -39  -32  )
( 7  15  29  )
( -4  6  -36  )
( -26  -48  36  )
( -4  -33  -1  )
( 24  1  -28  )
( 29  -18  40  )
( -26  16  23  )
( -30  39  6  )
( 25  -28  43  )
( 37  19  -34  )
( 21  30  47  )
( 42  -46  29  )
( -9  21  -24  )
( 4  32  14  )
( 36  -0  -39  )
( 48  33  42  )
( -7  -17  -32  )
( -39  3  43  )
( 4  36  43  )
( 5  36  -34  )
( -19  37  40  )
( 41  -16  -32  )
( -34  -39  -26  )
( 1  -36  -2  )
( 33  9  -24  )
( 41  11  -32  )
( 40  -30  -0  )
( -26  -1  34  )
( -29  9  33  )
( -47  14  -34  )
( 16  -9  -36  )
( 40  42  19  )
( -32  -5  -27  )
( 31  28  -12  )
( -34  31  27  )
( 16  -12  18  )
( 31  45  42  )
( -48  -20  -3  )
( -47  29  -37  )
( -12  6  -29  )
( -20  -44  0  )
( -1  15  28  )
( -20  -37  29  )
( 32  -10  -5  )
( -46  -4  36  )
( -35  31  -27  )
( 43  -1  -3  )
( 32  -42  17  )
( 33  -13  12  )
( 33  -4  28  )
( 45  -46  40  )
( 49  -26  -20  )
( -34  18  29  )
( 30  8  15  )
( -48  28  25  )
( 40  43  24  )
( 0  38  27  )
( 39  41  -26  )
( 15  2  -23  )
( 35  4  -17  )
( 22  -7  49  )
( 15  -39  -24  )
( -29  -18  -0  )
( -14  34  38  )
( -25  -23  39  )
( 11  21  3  )
( 38  -4  -5  )
( 34  -14  -49  )
( -40  -42  -6  )
( -27  29  -39  )
( -36  8  -40  )
( -12  25  -38  )
( -41  22  42  )
( 28  13  47  )
( 2  -40  -41  )
( 19  -32  25  )
( 14  -32  41  )
( -36  -22  -26  )
( 45  -10  26  )
