( -9  44  -46  )
( -0  17  -41  )
( -43  44  -33  )
( -32  -11  -10  )
( 33  -31  -46  )
( 3  8  12  )
( -21  45  -48  )
( 44  23  -30  )
( -22  28  -41  )
( 18  -6  -2  )
( -25  6  -22  )
( -15  -11  29  )
( -46  35  41  )
( -23  -17  -35  )
( -3  -49  27  )
( -22  8  2  )
( 46  37  8  )
( -30  23  14  )
( 39  2  8  )
( -41  -49  5  )
( 17  -18  28  )
( -25  6  -31  )
( 38  36  -12  )
( 11  -26  -22  )
( 40  -34  -10  )
( 37  26  -1  )
( -29  1  37  )
( 28  -32  -4  )
( -10  -46  -21  )
( -35  38  -23  )
( 5  4  0  )
( -39  29  -49  )
( 41  -21  -31  )
( -14  -39  3  )
( -32  15  -27  )
( -5  43  38  )
( -42  -36  -28  )
( -36  -43  37  )
( 18  -46  25  )
( 41  -17  24  )
( 17  -44  40  )
( -21  -46  -39  )
( -33  -3  -19  )
( 39  47  -36  )
( -47  45  -32  )
( -43  21  -10  )
( 17  -19  45  )
( -7  0  2  )
( 6  8  -22  )
( -0  -23  -6  )
( -34  4  -44  )
( -4  5  -35  )
( 19  -0  -14  )
( -27  -20  43  )
( -45  6  0  )
( 11  -37  -4  )
( -36  34  1  )
( -5  39  13  )
( -24  -6  -18  )
( -20  -38  18  )
( 11  46  28  )
( 23  42  -28  )
( 5  -24  -42  )
( -48  -31  17  )
( 32  -47  9  )
( -16  -17  35  )
( 33  -37  32  )
( -26  24  23  )
( -9  -1  18  )
( 34  -1  48  )
( -45  34  21  )
( -6  -43  45  )
( -16  -28  -11  )
( 7  33  -34  )
( -43  19  8  )
( -5  49  47  )
( 19  23  -44  )
( 4  2  8  )
( -43  -4  17  )
( -3  46  10  )
( -17  14  -32  )
( -16  -43  23  )
( 3  26  -12  )
( 2  24  29  )
( -31  47  38  )
( -24  28  -15  )
( -8  9  48  )
( 44  -12  28  )
( 45  -39  -11  )
( 37  38  31  )
( -40  -30  -6  )
( -11  -6  -14  )
( 12  48  -33  )
( -43  -39  -8  )
( 47  -15  8  )
( -14  -49  -12  )
( 7  29  -40  )
( 13  9  19  )
( -30  -43  38  )
( 43  44  17  )
( -1  10  49  )
( 40  -32  -26  )
( 28  13  -38  )
( -6  -21  -15  )
( 16  -24  46  )
( -18  -38  15  )
( 23  30  -25  )
( 3  38  23  )
( -44  -48  2  )
( -43  -16  -18  )
( 35  43  -18  )
( 16  -18  -39  )
( 32  40  -17  )
( 1  22  -6  )
( 39  31  -13  )
( 30  22  -35  )
( 4  9  -47  )
( -19  21  6  )
( 0  9  3  )
( 36  42  -31  )
( -36  12  21  )
( -49  -44  27  )
( 35  -20  38  )
( 40  10  -3  )
( -44  4  -22  )
( 0  27  -39  )
( 6  25  24  )
( 20  21  29  )
( 23  44  35  )
( 0  -16  11  )
( 49  -31  -25  )
( -44  -1  -34  )
( -47  23  -44  )
( -11  -41  40  )
( 22  -14  -45  )
( -8  1  -5  )
( -20  43  -31  )
( -1  45  -40  )
( 8  -1  -18  )
( 0  -2  -20  )
( 5  -14  -38  )
( 22  24  20  )
( -14  -12  -23  )
( -7  11  -6  )
( -41  -0  36  )
( 48  -37  -14  )
( -42  -10  41  )
( -9  37  22  )
( -3  -47  -48  )
( -36  -6  -43  )
( 29  17  37  )
( 13  -34  -47  )
( -5  -8  -9  )
( 44  28  -18  )
( -9  -20  -11  )
( 4  9  -0  )
( -13  36  48  )
( -33  31  -48  )
( -22  -18  28  )
( 48  33  -46  )
( -7  -12  -17  )
( -20  9  -1  )
( 46  7  -13  )
( 11  -24  3  )
( 13  6  -27  )
( 40  -23  -0  )
( -24  -16  49  )
( -9  8  32  )
( 27  -26  10  )
( 49  32  -14  )
( -5  34  26  )
( -3  -18  -23  )
( -19  32  -35  )
( -12  -34  3  )
( 24  18  -10  )
( -25  13  8  )
( 7  34  19  )
( 9  -3  -41  )
( -8  -32  2  )
( -42  -40  32  )
( 25  -43  5  )
( -22  -19  -9  )
( -19  -9  -28  )
( -1  36  -44  )
( 2  -5  12  )
( 14  31  -1  )
( -32  37  31  )
( -38  47  40  )
( 41  44  6  )
( -26  -0  11  )
( -29  -26  37  )
( 24  34  -33  )
( 14  -30  31  )
( 36  49  -39  )
( 41  -14  -19  )
( 6  -32  -19  )
( 31  49  -45  )
( 7  -23  41  )
( 4  -16  -11  )
( -45  -41  -36  )
( 26  21  32  )
( 40  9  -7  )
( -14  43  41  )
( -45  27  -9  )
( -1  5  -47  )
( 18  36  42  )
( -49  -23  46  )
( 9  27  28  )
( 32  -11  42  )
( 11  -23  41  )
( -22  44  12  )
( 22  -38  44  )
( 7  46  -47  )
