( 31  44  -10  )
( 14  43  38  )
( -33  -43  -35  )
( 18  0  -4  )
( 40  22  31  )
( 35  -19  -32  )
( -16  -7  -1  )
( -41  36  -32  )
( 7  -4  46  )
( -3  -21  18  )
( 41  -47  16  )
( -47  23  22  )
( 29  31  22  )
( -2  -32  -15  )
( 30  -7  -36  )
( -27  -24  26  )
( 35  14  0  )
( 33  5  6  )
( -29  -5  -16  )
( 41  -46  -17  )
( -25  -9  -21  )
( -46  36  35  )
( -23  1  -15  )
( -46  18  0  )
( 10  24  18  )
( -22  13  11  )
( -34  -18  -15  )
( -12  10  39  )
( -15  30  3  )
( -25  36  16  )
( 45  -34  -39  )
( -23  43  -32  )
( -35  -48  34  )
( -4  -35  39  )
( -1  37  -35  )
( -39  -41  25  )
( -44  13  0  )
( -31  -47  -17  )
( -16  47  -45  )
( 33  44  -43  )
( 36  34  -28  )
( 48  32  36  )
( -45  -41  46  )
( -49  -27  48  )
( 10  25  -28  )
( 27  6  -15  )
( -6  -30  26  )
( -10  -19  -7  )
( -49  -27  16  )
( -35  -41  -37  )
( -34  0  2  )
( 25  14  2  )
( 29  -30  41  )
( -17  3  2  )
( 4  5  36  )
( -7  -32  -35  )
( 6  37  -3  )
( -1  -44  5  )
( 17  45  6  )
( 8  -0  -28  )
( -17  38  5  )
( -34  4  38  )
( -44  19  30  )
( 39  -4  22  )
( -8  -33  -2  )
( 25  -31  -15  )
( 30  42  -23  )
( 41  4  49  )
( 34  -19  -33  )
( -41  9  19  )
( -42  -41  7  )
( -3  -24  -16  )
( -18  33  14  )
( -8  33  16  )
( -15  14  38  )
( 0  31  -33  )
( 16  -38  -30  )
( 12  19  35  )
( -25  -1  15  )
( -20  21  41  )
( 36  33  14  )
( 30  -33  -28  )
( -16  34  8  )
( 21  11  -46  )
( 14  -38  42  )
( -17  42  30  )
( -6  -28  -34  )
( 23  -47  27  )
( -11  -28  -27  )
( -34  0  -37  )
( 26  46  13  )
( 48  -18  -35  )
( -43  31  24  )
( 1  19  -9  )
( -3  -24  32  )
( 39  -37  -17  )
( 29  -38  -3  )
( -24  6  -10  )
( -23  -27  -42  )
( 46  -35  18  )
( 39  -13  44  )
( -12  -25  45  )
( 39  5  38  )
( -16  23  13  )
( 24  39  -4  )
( -44  36  46  )
( 26  12  -23  )
( -3  12  -0  )
( -16  33  15  )
( -44  -26  47  )
( -46  31  8  )
( -23  -33  -9  )
( 27  -35  -21  )
( -23  9  15  )
( -45  29  -34  )
( -3  17  6  )
( 18  43  -47  )
( -17  -12  -5  )
( -42  33  -0  )
( 31  39  -48  )
( -13  37  -45  )
( -30  -48  27  )
( 4  -21  -35  )
( 3  42  -35  )
( -16  25  -9  )
( -44  33  -41  )
( -20  0  -12  )
( -29  -47  -13  )
( -30  19  20  )
( 38  -9  -11  )
( 33  -39  7  )
( 15  47  3  )
( 43  24  9  )
( 22  -44  -18  )
( 30  -26  8  )
( 48  -31  22  )
( 43  19  -8  )
( 44  -30  -33  )
( -6  49  41  )
( -11  25  -15  )
( -1  -0  -20  )
( -32  0  38  )
( 8  -40  -0  )
( -35  47  -18  )
( 9  2  -28  )
( 27  -4  -34  )
( -0  -1  -22  )
( -17  -7  19  )
( -24  -49  -22  )
( 19  -21  1  )
( -0  -38  -1  )
( -37  -48  33  )
( -47  -42  23  )
( -39  -5  47  )
( -34  -8  -16  )
( -20  22  -12  )
( 8  31  41  )
( -33  -12  13  )
( 29  -20  -34  )
( -1  39  -41  )
( 37  4  -49  )
( -39  32  0  )
( 16  43  -25  )
( 40  37  -14  )
( -22  -44  31  )
( -40  -26  28  )
( 44  -10  16  )
( 2  -49  -33  )
( -44  35  -39  )
( 24  -16  47  )
( 21  -33  11  )
( -33  7  42  )
( -35  7  -31  )
( -11  -19  48  )
( 11  -40  20  )
( 41  47  -26  )
( -35  42  12  )
( -13  -47  27  )
( 26  -41  -39  )
( 3  -37  20  )
( 27  -15  -28  )
( 49  -34  0  )
( 35  -30  -19  )
( -40  -45  -37  )
( -31  -35  3  )
( -40  49  0  )
( 21  -27  -15  )
( -7  -46  49  )
( 42  31  41  )
( -3  32  40  )
( 1  20  26  )
( -17  -13  8  )
( -44  -27  -48  )
( -42  -11  -39  )
( 43  -37  17  )
( 43  49  46  )
( 37  41  32  )
( -19  20  -26  )
( -13  22  -34  )
( -36  -30  -46  )
( -41  -35  43  )
( -9  -47  26  )
( 17  -3  25  )
( 27  -39  12  )
( -12  -44  -46  )
( 49  -6  -46  )
( -14  -8  -12  )
( -16  39  -12  )
( 5  -37  -8  )
( 10  -36  14  )
( -31  13  -35  )
( -48  33  14  )
( -22  6  3  )
