( 15  33  -34  )
( -12  -39  16  )
( 7  -28  -0  )
( 13  49  1  )
( -7  -41  -1  )
( -32  -15  -40  )
( -43  -27  -41  )
( 42  35  -2  )
( -9  36  -28  )
( 18  3  45  )
( 37  23  -15  )
( 2  39  -25  )
( -12  11  -1  )
( -14  -13  15  )
( 42  15  4  )
( -44  -27  8  )
( 19  -33  -1  )
( -19  -7  24  )
( -13  45  -1  )
( -17  -35  -25  )
( -13  -3  -47  )
( -28  -9  -23  )
( 39  6  -34  )
( -1  -20  -24  )
( -40  -20  -30  )
( -6  45  31  )
( 28  46  7  )
( 7  3  10  )
( -16  -7  44  )
( -8  19  25  )
( 17  24  37  )
( 5  -44  -3  )
( 39  -34  -29  )
( -46  -35  -24  )
( 16  -17  5  )
( -12  5  45  )
( -15  43  14  )
( -14  16  7  )
( 18  -31  -30  )
( -35  -24  33  )
( -12  33  -16  )
( -46  24  -34  )
( -48  22  -18  )
( 11  26  -38  )
( 1  6  36  )
( -41  27  -48  )
( -28  35  48  )
( 44  35  17  )
( -2  -1  -27  )
( -30  47  -6  )
( 48  45  -37  )
( -47  -46  30  )
( 46  8  -13  )
( -44  -36  49  )
( -37  -40  -47  )
( -9  -40  12  )
( 2  -10  -31  )
( -5  2  -46  )
( -4  6  -43  )
( 33  4  13  )
( 48  -28  1  )
( 13  -14  30  )
( 20  37  46  )
( -14  -7  0  )
( 41  27  -36  )
( -24  46  23  )
( 2  42  27  )
( -16  9  44  )
( 21  -12  22  )
( -0  3  -18  )
( 19  -38  -20  )
( 24  17  -12  )
( 2  -27  -15  )
( 18  -36  -12  )
( 26  32  21  )
( 37  -3  10  )
( -3  -42  -46  )
( -14  44  9  )
( -5  -35  -44  )
( -23  -48  42  )
( 4  48  44  )
( 23  -26  -4  )
( -37  -45  -6  )
( 46  -11  -38  )
( -19  -28  -6  )
( 18  3  -19  )
( -27  29  -40  )
( -43  -40  26  )
( -27  -9  -5  )
( -46  -28  7  )
( -3  10  -12  )
( 30  43  15  )
( -28  -40  -44  )
( 19  -7  15  )
( -41  3  -14  )
( -6  4  -2  )
( -48  -39  -0  )
( -2  36  -35  )
( -0  -49  24  )
( -32  47  -30  )
( 39  44  30  )
( 14  1  40  )
( 13  18  -42  )
( -25  11  -15  )
( -44  -6  43  )
( -38  18  41  )
( -16  46  -44  )
( -46  -39  19  )
( 35  45  -1  )
( 26  -48  -35  )
( -18  47  5  )
( 9  -10  18  )
( -29  20  -1  )
( 39  16  19  )
( -14  43  -18  )
( -45  30  6  )
( -44  32  -11  )
( 40  -38  -25  )
( 1  41  0  )
( 22  28  -48  )
( 14  27  2  )
( 45  -29  -15  )
( -37  5  -7  )
( -42  4  14  )
( 35  -42  30  )
( -22  -3  32  )
( -2  25  -7  )
( -28  12  45  )
( 1  5  7  )
( 9  4  -26  )
( -43  0  -24  )
( -11  45  32  )
( 33  46  32  )
( 16  -13  24  )
( 29  15  -10  )
( -39  28  44  )
( -46  13  42  )
( 6  30  3  )
( 39  3  -34  )
( -3  8  25  )
( 45  21  -36  )
( 44  -25  -10  )
( 31  -40  33  )
( 33  43  -1  )
( -25  -7  -42  )
( 49  9  0  )
( 15  -49  43  )
( 25  4  20  )
( 5  26  36  )
( -46  -39  15  )
( -36  -4  31  )
( -3  34  24  )
( -29  -30  -20  )
( 47  -34  -9  )
( 42  30  11  )
( 27  24  45  )
( -30  8  -33  )
( -28  -49  -24  )
( 49  2  6  )
( 18  -37  -38  )
( -24  18  -28  )
( -10  4  -38  )
( 41  -3  -12  )
( 38  32  7  )
( 22  -3  -37  )
( -23  0  36  )
( -15  -31  -34  )
( -10  -42  -35  )
( 4  -42  36  )
( 14  -6  11  )
( 3  -38  2  )
( 36  -10  -28  )
( 28  47  -33  )
( -28  -8  -49  )
( 42  21  45  )
( -22  40  -26  )
( 42  49  -35  )
( 36  18  -37  )
( 4  -49  -24  )
( 30  -5  0  )
( -45  -2  -38  )
( 7  -47  -41  )
( 49  35  -41  )
( -23  -30  46  )
( -6  -36  10  )
( 10  -26  -41  )
( -47  -44  18  )
( 28  22  -7  )
( -42  21  -30  )
( 19  -10  33  )
( 24  46  9  )
( 34  14  -4  )
( -18  27  -17  )
( -29  20  4  )
( -0  -42  29  )
( -14  48  -39  )
( -7  -24  -32  )
( 11  -41  3  )
( 15  -21  -29  )
( -23  26  -38  )
( 45  -39  12  )
( -48  7  -17  )
( 27  12  -35  )
( -9  16  -3  )
( -46  -37  -26  )
( -25  -4  3  )
( -19  43  -31  )
( 13  6  0  )
( -19  4  -41  )
( -45  13  -22  )
( 43  10  -48  )
( 35  3  -23  )
( 18  4  -31  )
