( -32  6  -38  )
( 3  18  -35  )
( 47  43  26  )
( -9  -29  -49  )
( -47  -34  9  )
( 36  -27  44  )
( -5  36  34  )
( 14  -16  48  )
( 14  35  6  )
( -20  21  -5  )
( -47  -5  20  )
( 5  -11  -23  )
( -36  28  -35  )
( 12  3  -2  )
( -31  -16  8  )
( -16  -3  32  )
( 40  -16  -49  )
( -13  -27  7  )
( 42  2  16  )
( -6  35  20  )
( -8  -18  -40  )
( -48  33  24  )
( 28  34  6  )
( 36  -20  9  )
( 24  -33  18  )
( 49  46  43  )
( 30  -24  26  )
( -22  -8  31  )
( -23  -22  2  )
( -8  -36  4  )
( 32  -27  35  )
( -44  27  -18  )
( 31  23  22  )
( 3  -7  45  )
( -19  -1  0  )
( 17  3  8  )
( -38  21  11  )
( -41  -30  -17  )
( 11  45  -42  )
( 4  -19  -22  )
( 3  2  -35  )
( -2  36  34  )
( -18  17  11  )
( -37  13  2  )
( -48  28  -4  )
( -24  8  44  )
( -11  -49  1  )
( -3  -48  -32  )
( -7  -41  -38  )
( -48  -16  35  )
( 48  9  11  )
( -40  10  -36  )
( 7  -16  18  )
( -34  -48  45  )
( 6  -28  -41  )
( -40  41  -33  )
( -29  4  -8  )
( 16  48  21  )
( -13  -25  -27  )
( 23  38  15  )
( -36  -6  -19  )
( 6  -3  -40  )
( 46  -1  35  )
( 8  37  -15  )
( 25  -31  -33  )
( 49  -9  -40  )
( 35  -20  29  )
( 43  -25  38  )
( -45  14  3  )
( 17  42  -36  )
( -33  0  16  )
( 21  29  -18  )
( -45  -48  -5  )
( 44  17  1  )
( -5  -24  43  )
( -31  -34  22  )
( 5  -39  24  )
( 3  42  -0  )
( 42  46  -48  )
( 46  34  -11  )
( 12  47  25  )
( 4  33  -34  )
( -43  -25  12  )
( -3  -36  -43  )
( 0  46  -36  )
( 37  47  -38  )
( -13  -26  -24  )
( 35  5  20  )
( 31  12  -47  )
( -45  33  35  )
( 10  37  13  )
( -16  19  -3  )
( 22  4  -17  )
( 11  -16  0  )
( -27  -41  43  )
( -49  -13  -46  )
( 40  12  -28  )
( -7  -31  22  )
( -28  -0  -19  )
( 34  10  23  )
( -13  12  23  )
( -32  -2  -22  )
( -27  42  32  )
( 8  2  -7  )
( -37  -31  46  )
( -5  45  49  )
( 36  -43  8  )
( 41  48  14  )
( -13  -26  -23  )
( 27  -28  -3  )
( -13  -36  -4  )
( 12  2  36  )
( 46  -28  -29  )
( -13  -39  10  )
( 29  -47  5  )
( -1  -40  -39  )
( -1  -21  -8  )
( -40  20  8  )
( 27  36  28  )
( -29  43  49  )
( -4  -10  9  )
( 25  9  45  )
( 2  -26  12  )
( -11  -40  33  )
( -46  -42  24  )
( -32  11  -6  )
( -19  -4  16  )
( -8  -11  -16  )
( 42  -1  -26  )
( 6  30  34  )
( 49  13  -40  )
( -8  20  -17  )
( -38  -26  28  )
( -18  -14  3  )
( 27  8  -21  )
( -0  35  -17  )
( -14  -4  17  )
( 21  -49  -38  )
( 6  -34  43  )
( 23  -14  -38  )
( 17  -9  -7  )
( 30  -48  1  )
( 35  -18  -40  )
( -20  -12  -16  )
( -17  8  -40  )
( -21  -30  -11  )
( 1  -7  26  )
( -23  -1  2  )
( -27  -30  -17  )
( 11  49  34  )
( 43  -28  -45  )
( -42  -5  -14  )
( 10  1  33  )
( 39  2  26  )
( -27  -26  -34  )
( 30  -28  -37  )
( -1  -3  -16  )
( -48  47  -12  )
( 7  -16  -9  )
( 5  27  -16  )
( 11  -6  1  )
( -40  1  -31  )
( 25  30  -3  )
( -4  34  -28  )
( 27  20  -40  )
( -35  -36  27  )
( -17  35  -26  )
( 18  -6  45  )
( 15  45  24  )
( 23  4  8  )
( -41  -38  -5  )
( 35  14  -4  )
( 2  14  13  )
( 21  23  -0  )
( -19  21  39  )
( -12  24  13  )
( 1  48  20  )
( 1  24  -3  )
( 20  -31  34  )
( 6  -28  16  )
( 12  19  -24  )
( 45  -9  10  )
( 10  -7  36  )
( 14  27  4  )
( -13  -19  -25  )
( 27  -7  37  )
( -45  -34  18  )
( 35  -3  -13  )
( -28  -23  9  )
( 29  -40  45  )
( 21  1  -44  )
( 13  4  -22  )
( 26  46  47  )
( 21  1  -38  )
( -29  23  44  )
( 48  22  -12  )
( -29  11  47  )
( -6  -49  -25  )
( -7  44  -46  )
( 34  7  -8  )
( 38  18  6  )
( 6  8  7  )
( -11  38  -33  )
( 28  -32  24  )
( -43  37  -19  )
( 47  -32  -19  )
( -2  18  44  )
( -7  37  -14  )
( 18  2  24  )
( -35  -45  40  )
( 19  9  35  )
( 10  -48  4  )
( 42  19  45  )
