( -3  24  29  )
( -39  -11  40  )
( -30  -18  40  )
( 35  24  14  )
( -23  -24  5  )
( 41  -6  3  )
( 30  -9  11  )
( -4  5  -47  )
( 34  1  -28  )
( -45  -36  21  )
( 5  -2  -24  )
( -7  -48  22  )
( 35  6  28  )
( 31  46  36  )
( 11  40  -45  )
( -34  6  1  )
( -14  31  29  )
( -27  48  3  )
( 23  35  33  )
( 49  4  31  )
( -49  -37  1  )
( 9  -37  -43  )
( -30  -44  -37  )
( 19  1  46  )
( 36  -41  42  )
( -43  9  4  )
( 9  -38  16  )
( -20  -1  47  )
( -3  -26  -12  )
( -31  47  1  )
( 2  11  17  )
( 23  39  21  )
( -31  0  -17  )
( -27  -19  46  )
( 16  -48  35  )
( 37  -39  -1  )
( -31  -9  -41  )
( 46  36  -2  )
( 4  17  -9  )
( -9  -44  -24  )
( -17  -8  -32  )
( 49  21  -30  )
( -18  40  32  )
( 19  35  -8  )
( 24  -42  10  )
( -7  39  -46  )
( -37  17  -23  )
( 6  -26  19  )
( 18  -46  -3  )
( 27  40  -21  )
( -5  -12  -10  )
( 21  33  -41  )
( -7  -48  -9  )
( -34  -49  38  )
( 31  -42  -15  )
( -34  -27  -8  )
( -39  22  -17  )
( -39  5  46  )
( -43  -23  -29  )
( 13  18  49  )
( -20  25  32  )
( 18  -34  42  )
( 38  22  11  )
( -17  31  -19  )
( -15  -32  -1  )
( -28  -5  7  )
( -1  -33  43  )
( 31  -34  19  )
( -15  -16  46  )
( 22  47  44  )
( 40  15  -17  )
( 35  -18  -31  )
( -45  -31  -18  )
( 11  39  41  )
( -30  -11  -10  )
( 12  -28  16  )
( 27  20  -31  )
( 6  0  45  )
( -47  4  -49  )
( -32  7  -37  )
( -47  -7  12  )
( 39  -34  13  )
( -11  9  -5  )
( -44  -2  -20  )
( 38  1  -39  )
( 13  -15  -33  )
( -37  -32  17  )
( -33  -41  47  )
( 11  -3  9  )
( 21  -6  -43  )
( -40  5  29  )
( -14  40  -8  )
( -6  23  33  )
( 0  4  -20  )
( -31  -42  -41  )
( 37  13  17  )
( 40  45  -47  )
( 34  40  38  )
( -21  -6  -25  )
( 8  17  37  )
( -3  32  34  )
( -1  43  -10  )
( -19  38  -4  )
( 38  24  5  )
( 12  13  37  )
( -17  46  -32  )
( -17  -6  -19  )
( -4  -8  48  )
( -10  14  -38  )
( 4  41  9  )
( 37  -23  31  )
( 36  42  48  )
( -14  31  19  )
( -29  -17  -11  )
( 25  18  4  )
( -31  -25  15  )
( 42  -33  -30  )
( 42  -43  8  )
( -15  40  27  )
( -36  27  -18  )
( 36  32  14  )
( 7  41  -4  )
( 31  -41  -18  )
( 30  2  36  )
( 15  -0  40  )
( -7  33  -35  )
( -21  45  1  )
( 48  17  26  )
( 13  37  18  )
( 49  37  6  )
( 32  -49  -47  )
( -26  34  44  )
( 38  -15  -18  )
( 17  -15  -24  )
( -47  48  -13  )
( 37  -30  0  )
( -43  -9  11  )
( -45  -20  -49  )
( -27  -41  44  )
( -1  36  13  )
( 20  39  44  )
( 8  17  -15  )
( 32  39  44  )
( -5  19  -33  )
( 5  -3  15  )
( -31  -2  32  )
( -9  -17  23  )
( -14  47  -10  )
( 19  -22  36  )
( -41  45  42  )
( 30  5  -42  )
( 8  1  2  )
( 13  12  2  )
( -8  22  -43  )
( -20  -49  21  )
( -18  -43  16  )
( 38  -39  -21  )
( 36  -32  37  )
( -32  -13  23  )
( 11  3  -37  )
( 12  32  -40  )
( 40  11  17  )
( -28  -14  -15  )
( -34  4  -44  )
( -4  26  -16  )
( 1  -46  -49  )
( 21  -30  16  )
( 9  32  0  )
( 31  14  13  )
( -32  5  -0  )
( 4  6  -5  )
( -33  13  17  )
( 17  24  -5  )
( 26  -31  12  )
( 29  22  -20  )
( -13  -2  16  )
( 28  -46  -29  )
( 3  7  27  )
( -41  18  39  )
( 21  14  44  )
( -5  -25  14  )
( -41  3  1  )
( 30  -4  23  )
( 41  -13  11  )
( -38  48  8  )
( 48  45  -21  )
( -3  -21  45  )
( 38  -29  25  )
( -44  -46  8  )
( -44  -37  10  )
( 10  -40  -6  )
( -5  -26  -6  )
( -46  -28  -40  )
( 40  6  16  )
( 24  18  9  )
( 11  -47  44  )
( -16  27  -8  )
( -47  31  -22  )
( 31  23  10  )
( 12  0  -30  )
( 29  1  -24  )
( 45  48  8  )
( -1  -7  -40  )
( 4  -22  14  )
( 2  -21  14  )
( 49  -20  16  )
( -19  -15  -4  )
( 43  32  10  )
( -39  20  -45  )
( 24  15  1  )
( -46  4  -28  )
( 38  15  37  )
( 30  27  -5  )
