( 0  17  20  )
( 41  25  -29  )
( -28  -36  4  )
( 7  44  -8  )
( -28  -7  -13  )
( 7  12  -21  )
( 9  -11  -5  )
( 32  43  29  )
( -9  17  -16  )
( -45  -33  -30  )
( 14  -31  21  )
( 1  -12  47  )
( 39  20  -37  )
( 29  -28  14  )
( 6  -37  27  )
( 33  -43  27  )
( 23  -25  -29  )
( 29  30  8  )
( 41  -25  35  )
( -33  3  49  )
( 4  -20  -30  )
( -10  22  48  )
( 44  29  -36  )
( 23  49  36  )
( -21  25  18  )
( 38  34  -21  )
( -46  43  -0  )
( 48  -38  34  )
( -25  12  -48  )
( 12  8  28  )
( -46  48  -8  )
( -10  39  40  )
( 23  -46  29  )
( 26  -21  -19  )
( 2  26  4  )
( -29  -4  -18  )
( -47  11  -6  )
( -9  2  -4  )
( -15  32  -46  )
( -49  -11  16  )
( -23  42  33  )
( 18  30  -11  )
( 35  4  9  )
( 8  -24  -1  )
( -14  33  17  )
( 47  -35  43  )
( -4  -42  -37  )
( 45  -30  40  )
( -27  -17  33  )
( 21  31  34  )
( -27  24  -47  )
( 0  -25  -6  )
( -36  -41  -22  )
( 5  -11  25  )
( -2  9  -6  )
( 42  31  -2  )
( 37  -15  48  )
( 9  37  38  )
( -8  -41  -29  )
( -3  35  -37  )
( 49  -36  47  )
( 7  -46  -33  )
( 45  -43  47  )
( 33  41  39  )
( 48  26  27  )
( -24  -19  -2  )
( 48  -16  -24  )
( -26  41  -42  )
( 6  31  -36  )
( -28  6  -15  )
( -48  -41  28  )
( 29  18  47  )
( -2  32  6  )
( -46  16  -28  )
( 30  38  4  )
( -35  -16  -20  )
( 7  9  1  )
( 5  -16  -11  )
( 38  37  -40  )
( -6  -8  47  )
( -35  -48  -33  )
( -12  -40  13  )
( -35  7  30  )
( -42  -33  -28  )
( 37  41  16  )
( 5  -19  -47  )
( -13  -33  -4  )
( 11  8  -35  )
( 30  -32  -24  )
( 37  47  -9  )
( -41  34  31  )
( 15  35  -27  )
( 36  -26  9  )
( 6  -7  43  )
( -31  29  37  )
( 0  13  -17  )
( 3  8  -48  )
( -0  -20  -26  )
( 15  9  -44  )
( 17  46  24  )
( -48  23  47  )
( 27  -19  17  )
( -11  31  29  )
( 13  40  37  )
( 12  49  -41  )
( -8  -4  -16  )
( -23  20  0  )
( 35  -10  -47  )
( 36  12  0  )
( -40  41  -8  )
( 17  -0  28  )
( 21  34  -7  )
( -2  -26  35  )
( -24  -34  -45  )
( 24  -38  -10  )
( 34  20  -5  )
( 27  9  47  )
( -31  -28  8  )
( -18  -4  -39  )
( -31  1  -4  )
( -46  -22  20  )
( 5  -39  16  )
( -8  34  -30  )
( 42  -47  2  )
( -35  5  -6  )
( 5  48  -17  )
( 8  26  28  )
( 10  28  38  )
( -12  -28  -6  )
( -31  -44  42  )
( -20  4  47  )
( -4  25  -5  )
( -0  26  -8  )
( -3  -37  -35  )
( -49  48  7  )
( 43  3  36  )
( -45  31  -33  )
( -40  46  12  )
( 29  -17  13  )
( -11  -36  -3  )
( -40  -17  -46  )
( -16  18  37  )
( 3  47  -48  )
( 34  -22  -35  )
( 0  16  30  )
( -33  28  41  )
( -17  -40  31  )
( -1  -44  -20  )
( 41  14  25  )
( -17  -20  -24  )
( -2  46  -25  )
( -13  12  -38  )
( -5  22  -24  )
( 26  47  29  )
( -48  44  -2  )
( 33  -6  -32  )
( -13  -6  -19  )
( -25  27  49  )
( -36  46  -4  )
( 8  48  25  )
( 14  6  -37  )
( 1  20  37  )
( 3  27  24  )
( 16  -37  -35  )
( 0  28  -43  )
( -40  5  -41  )
( 8  34  -35  )
( -29  1  -32  )
( 34  -37  2  )
( 45  -42  0  )
( 33  22  11  )
( -5  13  11  )
( 31  47  44  )
( -46  -41  -2  )
( -30  -34  -8  )
( 20  16  -9  )
( 6  16  23  )
( 26  -46  -4  )
( 37  -25  -16  )
( 10  -0  3  )
( 43  -31  34  )
( 4  -28  -10  )
( -10  -29  5  )
( 2  29  -11  )
( -21  6  -29  )
( 27  -34  14  )
( 13  -6  -47  )
( 26  -40  39  )
( 32  -26  -30  )
( 39  20  23  )
( 38  12  11  )
( -17  29  -27  )
( 26  -38  -23  )
( -15  -11  35  )
( -30  39  36  )
( -11  -26  43  )
( 17  -13  0  )
( -5  -31  -17  )
( -1  -28  -4  )
( 7  -47  49  )
( -16  -14  -34  )
( -43  34  -18  )
( 34  -37  12  )
( 24  -39  -2  )
( 45  -30  7  )
( -33  -39  -17  )
( -41  -27  39  )
( -6  49  14  )
( 1  28  25  )
( -34  -3  31  )
( -10  38  5  )
( -32  -3  -35  )
( -11  -16  -38  )
