( -33  47  37  )
( 47  13  33  )
( -10  -31  -22  )
( -9  31  -47  )
( -3  -0  37  )
( -5  -34  2  )
( -7  -35  -9  )
( -15  -28  -6  )
( -13  37  -25  )
( -8  39  7  )
( -16  -44  -17  )
( 44  8  -6  )
( -26  7  4  )
( -24  12  5  )
( 8  -1  -14  )
( -22  -43  -38  )
( 12  17  -41  )
( 31  -30  -24  )
( -7  22  10  )
( 3  -28  -2  )
( 12  21  2  )
( -38  29  19  )
( -20  9  -26  )
( -25  -3  -15  )
( 11  13  -12  )
( 26  5  17  )
( -25  -3  -27  )
( 15  36  31  )
( -4  -26  -43  )
( 47  30  20  )
( 8  27  -49  )
( -17  -27  25  )
( -11  -28  6  )
( -44  46  -47  )
( 4  12  46  )
( 2  -49  9  )
( -22  -24  48  )
( -45  11  -13  )
( -18  -30  43  )
( 42  -31  39  )
( 48  32  13  )
( -16  -45  37  )
( 19  -34  38  )
( -34  -43  -19  )
( 42  -24  -13  )
( -4  -0  28  )
( 12  -8  -33  )
( 5  24  19  )
( -6  -4  12  )
( 31  14  -45  )
( -11  -17  13  )
( -32  25  43  )
( 34  -26  45  )
( 23  -13  -48  )
( -2  -5  34  )
( 45  -30  -7  )
( -39  41  4  )
( 9  -21  48  )
( 6  -20  -2  )
( 28  -12  -23  )
( 10  46  -26  )
( 39  -11  25  )
( 3  29  40  )
( 0  11  16  )
( 43  -18  2  )
( 41  -20  2  )
( -24  -16  -48  )
( 12  22  -14  )
( -13  26  23  )
( -0  -26  23  )
( 15  44  -21  )
( -13  40  38  )
( -40  13  26  )
( 34  25  -43  )
( 8  -45  44  )
( -44  34  -19  )
( -34  -44  -8  )
( 2  5  27  )
( 16  42  -34  )
( 43  -32  20  )
( 39  -44  -12  )
( -26  -11  23  )
( -28  -8  25  )
( 39  -5  -11  )
( 37  -32  -47  )
( -29  42  15  )
( 0  -22  -38  )
( 6  14  -23  )
( 18  20  -44  )
( -38  32  -48  )
( 26  -14  -45  )
( 7  -12  -6  )
( -1  -31  37  )
( 9  36  19  )
( -8  -18  46  )
( 46  -48  -8  )
( -4  -8  -15  )
( 7  39  49  )
( -5  4  -34  )
( -33  46  26  )
( -34  -48  -27  )
( 12  23  -14  )
( -30  -33  -18  )
( -30  19  -28  )
( -16  -4  29  )
( 28  8  -30  )
( 25  -19  -26  )
( 22  33  -49  )
( -6  -8  34  )
( -36  -1  45  )
( -32  17  -11  )
( -4  49  18  )
( 10  1  18  )
( -18  5  9  )
( -10  -40  48  )
( 18  3  -0  )
( 7  11  -10  )
( -38  -11  -3  )
( 29  33  9  )
( -47  42  -34  )
( -3  -48  35  )
( -11  38  5  )
( 20  -27  -3  )
( 14  -7  8  )
( -30  17  -2  )
( -25  -7  -29  )
( -27  44  4  )
( 14  -42  -39  )
( 27  7  40  )
( -20  41  -1  )
( -26  0  -23  )
( 44  30  20  )
( 1  27  -40  )
( -18  -44  38  )
( 36  -38  -42  )
( -6  28  -9  )
( -1  -8  14  )
( -38  -35  10  )
( 45  -22  39  )
( -27  20  40  )
( 49  -9  -6  )
( 33  19  -3  )
( 34  41  43  )
( 36  -41  8  )
( -44  32  -6  )
( 35  36  -33  )
( 31  -45  -26  )
( 20  -0  28  )
( 48  18  45  )
( -33  35  -26  )
( 21  33  -32  )
( -11  -37  -22  )
( 17  -33  12  )
( 41  -35  2  )
( -20  -27  -17  )
( 26  41  35  )
( -23  -0  40  )
( 32  -43  21  )
( 47  3  32  )
( -21  38  -8  )
( 33  -44  13  )
( -9  -34  44  )
( -30  -6  -19  )
( -4  32  40  )
( -24  44  12  )
( -46  -19  38  )
( -2  7  28  )
( 0  -23  8  )
( -29  -4  -19  )
( -25  -17  37  )
( 21  -23  40  )
( -41  -10  15  )
( 48  18  -14  )
( -23  38  10  )
( 30  4  25  )
( -40  32  -33  )
( 19  25  42  )
( 39  -33  -20  )
( -5  -21  3  )
( 7  1  -48  )
( -3  -42  -43  )
( 37  36  6  )
( 20  45  -9  )
( 18  -21  -6  )
( 27  4  22  )
( -25  -9  13  )
( 9  -30  -16  )
( -36  -1  -35  )
( 4  -6  -24  )
( 26  44  -49  )
( -27  -49  -16  )
( -10  2  -30  )
( 26  11  49  )
( -20  42  -25  )
( 5  18  38  )
( 49  -44  -2  )
( 27  -23  -4  )
( 8  5  20  )
( -3  -25  40  )
( -21  -3  28  )
( -44  -27  5  )
( -47  22  26  )
( 33  27  -29  )
( 23  41  -0  )
( 44  36  34  )
( 13  6  -43  )
( -15  12  -6  )
( -0  40  -47  )
( 3  36  -37  )
( -16  -19  -49  )
( -10  -17  0  )
( -2  -44  -42  )
( 33  -23  39  )
