( 40  -43  1  )
( 12  15  -48  )
( -12  38  0  )
( 6  -49  40  )
( -43  47  -3  )
( 31  21  2  )
( 39  5  -18  )
( 9  13  12  )
( -24  -12  46  )
( -16  31  38  )
( 5  -9  12  )
( 26  -49  -27  )
( 0  8  26  )
( -16  -48  -19  )
( 42  45  3  )
( -3  -24  -15  )
( 43  13  -48  )
( -47  23  -18  )
( 10  -28  1  )
( 27  34  42  )
( 2  9  -11  )
( 22  24  38  )
( -4  19  9  )
( -29  27  45  )
( -38  35  33  )
( 23  -13  30  )
( 35  -22  -11  )
( -10  40  45  )
( 40  29  5  )
( 31  47  -34  )
( 31  -32  -42  )
( 30  -13  -33  )
( 44  -48  -8  )
( -7  22  44  )
( 1  -16  -45  )
( 48  26  38  )
( -6  -13  39  )
( 11  12  -43  )
( -24  44  -21  )
( 31  27  -43  )
( -26  32  14  )
( 48  1  14  )
( 37  18  3  )
( 30  -5  -1  )
( 8  34  5  )
( -29  34  47  )
( -40  -38  -29  )
( -9  -39  -29  )
( 45  -22  -44  )
( -1  -7  45  )
( -28  18  24  )
( 27  29  10  )
( -9  1  -44  )
( 41  -3  -22  )
( -12  15  -20  )
( -6  5  -24  )
( -7  38  -42  )
( -20  -48  22  )
( -14  -7  -28  )
( 3  8  -25  )
( -18  34  -33  )
( 1  24  -45  )
( -15  -28  17  )
( 49  20  42  )
( 37  -42  21  )
( 14  -38  -2  )
( 21  -23  -19  )
( -3  49  -8  )
( -26  11  -24  )
( 7  11  -26  )
( 32  30  48  )
( 30  5  -22  )
( 36  12  -35  )
( 3  10  38  )
( 29  9  -47  )
( -20  31  24  )
( -12  26  -10  )
( 2  -28  -44  )
( 3  -32  -19  )
( -34  45  11  )
( -38  7  47  )
( 1  41  27  )
( -38  41  16  )
( 37  -47  0  )
( 42  49  48  )
( -28  39  -24  )
( -6  49  -28  )
( 8  -28  -36  )
( 35  -4  48  )
( -0  -19  -23  )
( -47  45  37  )
( -25  -48  46  )
( -40  2  -9  )
( -37  -26  12  )
( 41  -29  7  )
( 15  -27  16  )
( 25  -40  31  )
( -6  29  34  )
( 28  45  -29  )
( 20  -28  -17  )
( 23  8  -28  )
( 32  -49  25  )
( 0  12  3  )
( -40  22  -26  )
( -19  -29  -32  )
( -9  -46  13  )
( -8  -47  -45  )
( 46  -8  -19  )
( -34  -17  3  )
( -33  -29  -46  )
( 12  -37  25  )
( 3  12  -16  )
( -21  27  -4  )
( -24  28  40  )
( -30  -21  36  )
( -46  24  23  )
( 3  -46  -12  )
( 49  4  -13  )
( 8  -7  -37  )
( 36  34  -6  )
( -5  -23  21  )
( 2  23  18  )
( 28  15  -44  )
( -5  -46  -11  )
( 36  22  15  )
( -7  -41  22  )
( 15  -44  -39  )
( 46  37  -9  )
( 21  34  -33  )
( -3  18  -45  )
( -16  -8  -49  )
( 24  45  3  )
( -31  3  24  )
( -25  -0  39  )
( 41  34  28  )
( 14  43  -1  )
( -12  -22  -24  )
( 8  1  20  )
( -15  -27  -33  )
( -2  -48  -44  )
( -44  -27  22  )
( -40  -44  48  )
( -13  -39  37  )
( -36  18  26  )
( 14  46  -49  )
( -39  27  14  )
( 26  -12  -38  )
( 7  11  -40  )
( 46  7  -9  )
( -27  9  -25  )
( 11  7  -30  )
( -49  43  13  )
( -46  19  25  )
( -49  1  -28  )
( -19  -27  34  )
( -1  36  32  )
( 49  10  -23  )
( -38  -15  24  )
( -32  -42  -40  )
( -36  37  8  )
( 40  -3  -45  )
( 19  16  48  )
( 30  -5  0  )
( -27  -15  9  )
( 30  -0  48  )
( -16  -22  -13  )
( -35  -38  -39  )
( -9  -6  -37  )
( 4  -44  -49  )
( 42  -2  17  )
( 22  -12  11  )
( 41  18  34  )
( -30  -32  49  )
( -32  -40  -16  )
( 24  13  3  )
( 35  -5  38  )
( 38  -1  -32  )
( 14  46  -10  )
( 38  -48  -14  )
( 32  -45  24  )
( 11  -2  31  )
( 16  23  -38  )
( 0  25  37  )
( 21  -39  -36  )
( -28  -16  -47  )
( 26  28  -30  )
( -9  36  -40  )
( -9  28  -48  )
( 44  40  -25  )
( 26  43  25  )
( 29  28  20  )
( 21  43  20  )
( -24  -2  31  )
( 39  10  -19  )
( 38  -6  43  )
( 33  -27  -49  )
( 12  -39  -36  )
( -8  -48  35  )
( 48  -16  -13  )
( -4  -0  47  )
( 4  2  -36  )
( -3  18  -48  )
( 7  -22  -49  )
( -40  32  -18  )
( -27  -21  29  )
( 24  -7  -26  )
( 42  -23  -45  )
( -42  38  -9  )
( 39  30  37  )
( -20  -19  36  )
( -23  15  -41  )
( -30  45  5  )
( 49  -21  -41  )
