( -9  49  46  )
( 38  10  -24  )
( -18  40  -43  )
( -15  28  -23  )
( -47  -37  10  )
( -10  -38  32  )
( 47  -14  -27  )
( -26  -17  40  )
( -48  23  -24  )
( -13  -30  4  )
( -41  -10  47  )
( 16  -13  -26  )
( 21  4  45  )
( -15  -10  -41  )
( 10  -15  -48  )
( -21  2  -30  )
( 6  39  20  )
( -40  37  35  )
( 4  0  -16  )
( -18  -6  -17  )
( 37  49  -8  )
( -33  -42  -3  )
( -43  49  -19  )
( -29  1  -3  )
( 4  -26  16  )
( 25  -31  21  )
( 35  -32  11  )
( 19  24  38  )
( -36  -25  -48  )
( 27  -49  -31  )
( 15  -28  -1  )
( 2  -3  13  )
( -32  -5  -9  )
( -36  16  48  )
( 32  -17  -38  )
( -38  28  -5  )
( -1  -32  -26  )
( 11  13  -33  )
( 32  -26  -15  )
( 22  -32  -44  )
( 3  28  40  )
( 41  15  -23  )
( -30  -12  -28  )
( 46  -3  -0  )
( -39  24  -17  )
( -43  -18  -1  )
( 0  -13  33  )
( -11  24  15  )
( -26  -1  43  )
( 20  28  -49  )
( -7  23  -49  )
( -13  -7  39  )
( 0  -19  46  )
( -22  -15  -33  )
( 7  -22  -38  )
( -23  46  8  )
( 33  -37  7  )
( -39  12  -20  )
( 33  -34  14  )
( -26  19  -22  )
( -0  33  16  )
( -7  -44  18  )
( 11  -36  -28  )
( 5  -16  -11  )
( 33  31  -36  )
( -49  -24  1  )
( 39  -27  -26  )
( 13  36  -34  )
( -45  44  36  )
( 4  14  -37  )
( -15  -38  -30  )
( 26  -3  -15  )
( 15  10  -31  )
( -49  -5  45  )
( -27  13  32  )
( -5  47  -18  )
( 42  30  20  )
( -49  -41  -40  )
( -40  13  42  )
( -28  37  19  )
( -20  39  -31  )
( 36  35  -48  )
( -20  -38  -47  )
( 43  -14  24  )
( -43  -42  19  )
( -43  -17  49  )
( -24  -40  44  )
( 17  -15  -34  )
( 18  -14  11  )
( -26  29  -0  )
( -39  -24  -26  )
( -35  -28  -17  )
( -4  9  24  )
( -36  48  -1  )
( 20  -9  -49  )
( 36  -7  26  )
( -38  23  22  )
( -8  -33  -34  )
( -16  -15  32  )
( 35  -13  -2  )
( -23  38  16  )
( -38  -1  -44  )
( -23  21  41  )
( 20  -15  25  )
( -33  6  -5  )
( 36  33  10  )
( -21  47  38  )
( -22  -15  3  )
( -21  34  20  )
( -35  8  -19  )
( -38  -10  26  )
( 6  40  44  )
( 39  -48  44  )
( -7  -32  47  )
( 7  26  -1  )
( -5  36  -4  )
( 33  47  35  )
( 13  -12  46  )
( -28  34  -7  )
( -38  -30  46  )
( -9  19  -39  )
( 44  28  7  )
( -40  9  23  )
( 35  5  -43  )
( 42  -32  16  )
( -15  -33  -16  )
( 30  -31  -38  )
( 12  -48  33  )
( 0  3  -44  )
( 40  -27  -10  )
( 42  -2  -45  )
( -12  -40  18  )
( 24  7  -15  )
( -47  13  2  )
( -4  29  -20  )
( 21  -18  -41  )
( -12  -27  7  )
( -23  -49  -8  )
( -42  -35  -31  )
( -40  -36  -1  )
( 9  -4  -28  )
( 15  28  11  )
( 7  -11  41  )
( -44  0  5  )
( -35  -2  -43  )
( 46  -11  44  )
( -24  -48  -28  )
( 11  -1  3  )
( -34  28  -36  )
( -47  -2  -41  )
( -34  7  -12  )
( 49  -2  43  )
( -12  37  8  )
( -47  26  4  )
( 23  -21  -24  )
( -19  -18  17  )
( 24  19  -4  )
( -37  43  8  )
( 31  -8  -44  )
( 1  25  2  )
( 8  -43  25  )
( 27  -49  -31  )
( -36  -41  38  )
( 21  46  -47  )
( 20  -13  -24  )
( -8  23  43  )
( 27  42  -23  )
( -13  39  22  )
( -0  -6  24  )
( 46  -35  23  )
( 24  0  1  )
( 38  -29  -26  )
( -6  5  21  )
( -21  -20  -44  )
( -26  -45  25  )
( -5  9  42  )
( -21  35  39  )
( -24  -17  40  )
( -22  47  41  )
( -26  -29  45  )
( -21  -12  33  )
( 37  30  5  )
( -43  -23  -13  )
( 46  0  -12  )
( 9  42  -24  )
( -28  -27  17  )
( -19  -9  -3  )
( 12  1  -28  )
( -13  -49  -37  )
( -6  -48  39  )
( -24  -14  -4  )
( 40  -24  0  )
( -0  1  42  )
( -29  13  -0  )
( 1  -32  30  )
( -31  40  -11  )
( -24  4  14  )
( -46  37  16  )
( 3  -5  39  )
( 26  -13  -34  )
( 46  36  30  )
( -18  30  9  )
( 41  19  -1  )
( -34  26  -23  )
( 26  22  -40  )
( -23  -38  7  )
( 16  -14  22  )
( -36  45  24  )
( -27  43  -7  )
( 47  -23  -19  )
( -17  -2  21  )
( -21  32  -18  )
( 7  -34  9  )
