( 49  37  -19  )
( -7  -14  37  )
( -6  -46  -41  )
( -35  10  -43  )
( 11  -18  -29  )
( 26  -19  -21  )
( -19  29  -14  )
( 20  -46  -41  )
( -40  -24  26  )
( -6  -40  8  )
( 14  46  39  )
( 11  4  43  )
( -19  -21  -28  )
( 48  44  19  )
( 25  24  -5  )
( -49  -9  39  )
( 19  39  -40  )
( 44  -47  -32  )
( 40  -38  -45  )
( 49  -11  41  )
( 28  41  16  )
( -46  -6  -21  )
( -27  13  -22  )
( -24  15  9  )
( 20  29  -45  )
( 16  -10  -24  )
( 23  47  26  )
( 26  -41  6  )
( 38  -7  9  )
( -36  -22  28  )
( 18  -33  1  )
( 22  29  49  )
( 29  -36  10  )
( 32  22  34  )
( 41  -29  -48  )
( 34  -38  15  )
( -48  6  16  )
( 23  21  31  )
( -37  -22  -42  )
( -35  -22  3  )
( -11  12  42  )
( 6  13  -48  )
( 27  46  -38  )
( 43  40  41  )
( -41  7  40  )
( -39  -41  35  )
( 18  -3  48  )
( -19  -9  -32  )
( -43  -42  -30  )
( 7  35  -12  )
( 15  14  19  )
( -21  -42  32  )
( 1  45  -48  )
( 9  47  28  )
( 36  -35  -20  )
( -42  -0  37  )
( 12  -35  28  )
( 15  -28  1  )
( -6  43  -17  )
( -41  12  -47  )
( 17  -36  48  )
( 0  -18  -16  )
( 44  35  -12  )
( -36  -11  40  )
( 7  37  -23  )
( 24  8  -37  )
( 31  -38  32  )
( -16  26  9  )
( 26  -40  -20  )
( -34  -16  40  )
( 40  33  -4  )
( 30  24  -44  )
( -1  0  33  )
( -10  -30  -40  )
( 13  43  9  )
( -46  1  -2  )
( -8  24  -25  )
( -30  26  -28  )
( 25  31  28  )
( -6  -45  36  )
( -44  -36  22  )
( -28  -20  4  )
( 32  -1  9  )
( -5  -0  17  )
( -28  -11  -12  )
( 49  -0  -38  )
( 34  36  -24  )
( 0  -37  -7  )
( 25  31  -15  )
( 42  33  17  )
( -40  -18  45  )
( 41  -20  17  )
( -40  -36  -35  )
( -2  41  33  )
( 21  -43  13  )
( -45  41  -15  )
( -17  23  -1  )
( -10  9  -17  )
( -43  -42  -39  )
( 12  -4  -5  )
( -42  -45  -5  )
( -45  -28  -11  )
( 1  14  36  )
( -27  28  -30  )
( 16  48  21  )
( 16  11  -28  )
( 43  35  -34  )
( -40  -14  -44  )
( 6  37  1  )
( 35  45  -14  )
( 43  -38  2  )
( 17  30  44  )
( 2  -33  -18  )
( -18  -46  2  )
( -35  38  -36  )
( -48  17  10  )
( 25  -14  1  )
( 42  -38  26  )
( 11  41  26  )
( 28  -10  -34  )
( -8  -45  17  )
( -14  48  -24  )
( -3  -41  17  )
( -3  -1  -21  )
( 27  24  -32  )
( -19  25  45  )
( 14  -42  32  )
( 31  -11  37  )
( 20  -7  43  )
( -46  -0  -11  )
( -5  34  25  )
( -5  1  13  )
( -39  -13  19  )
( -10  -46  14  )
( 16  28  -14  )
( 24  15  10  )
( -48  -33  -30  )
( 28  -7  -43  )
( 6  15  31  )
( 45  8  28  )
( -44  13  25  )
( -46  -48  7  )
( 1  -36  24  )
( 42  -6  35  )
( -39  28  -43  )
( 39  -0  15  )
( 46  3  13  )
( -6  -46  -45  )
( 22  49  -40  )
( 49  29  9  )
( -18  34  -8  )
( 10  -39  -6  )
( -17  -6  41  )
( -42  5  -28  )
( 0  -39  -14  )
( -29  47  -33  )
( -10  -47  -44  )
( 2  -23  -48  )
( -16  39  -33  )
( -32  -30  4  )
( 9  11  47  )
( 33  35  13  )
( 37  45  30  )
( 48  -8  1  )
( -45  -44  20  )
( 31  22  -12  )
( -8  -5  18  )
( -21  -7  -25  )
( -2  17  3  )
( -6  26  -18  )
( 35  10  33  )
( 18  -10  -1  )
( -42  -22  14  )
( -40  13  -16  )
( 33  10  44  )
( -1  19  -42  )
( 5  10  49  )
( -6  15  -41  )
( -32  -40  -41  )
( -14  -38  11  )
( 28  -36  -0  )
( -18  17  3  )
( 47  -36  -27  )
( -8  -43  28  )
( -43  2  21  )
( 21  28  32  )
( 48  -10  35  )
( 33  13  12  )
( 16  29  45  )
( 20  28  6  )
( 46  30  19  )
( 21  -45  15  )
( 1  29  -31  )
( -36  12  18  )
( -44  17  -1  )
( -10  23  -43  )
( -45  -32  20  )
( -3  0  23  )
( 39  -0  -38  )
( 5  38  -0  )
( 23  31  46  )
( 47  35  41  )
( -24  31  -11  )
( -14  2  6  )
( 12  45  16  )
( 29  -39  -44  )
( 3  -4  -32  )
( -49  -40  -22  )
( 7  38  -23  )
( 23  -45  46  )
( -0  42  -1  )
( 16  21  -43  )
( 2  -18  -41  )
