( -44  -25  -24  )
( 30  -5  -0  )
( 2  -44  20  )
( 1  12  -2  )
( 36  39  -25  )
( 3  -30  49  )
( -0  -42  -34  )
( -19  5  39  )
( -36  -20  -47  )
( 9  -1  19  )
( 24  -21  20  )
( 49  -33  37  )
( 40  47  45  )
( -21  48  -17  )
( 10  34  -47  )
( -25  6  -32  )
( 37  1  -15  )
( 48  -17  2  )
( 0  19  -13  )
( -34  6  7  )
( -14  18  -28  )
( 33  -49  3  )
( -16  32  -29  )
( -44  12  32  )
( 25  4  -18  )
( -34  22  -19  )
( -3  49  8  )
( 6  -13  46  )
( -35  -43  -2  )
( -32  46  24  )
( -1  28  13  )
( 39  2  13  )
( 26  -6  -38  )
( 25  12  44  )
( 30  -16  -49  )
( -2  -17  -3  )
( 1  34  -19  )
( -23  -32  15  )
( -33  -39  -31  )
( 42  -25  -35  )
( 4  -0  -35  )
( 24  10  26  )
( 43  -33  -27  )
( 30  -8  -35  )
( 40  -32  38  )
( -39  33  2  )
( -37  -24  -2  )
( 15  -21  -45  )
( 5  -17  -47  )
( 4  -2  42  )
( 5  -35  -38  )
( 42  -17  41  )
( -25  34  -40  )
( -46  10  -18  )
( -38  -48  14  )
( 10  39  41  )
( -0  37  9  )
( 45  40  29  )
( -37  -27  19  )
( 46  2  -26  )
( -46  -7  -21  )
( -5  -14  -25  )
( 47  0  -22  )
( 5  -6  -20  )
( 12  -29  9  )
( -20  -46  5  )
( -5  -19  -40  )
( -29  12  -13  )
( -36  -22  45  )
( -22  39  -45  )
( -3  33  38  )
( -42  -28  35  )
( -0  41  45  )
( -3  -11  -41  )
( 13  26  27  )
( -2  -49  -32  )
( 6  31  -8  )
( -28  -32  21  )
( 26  -5  41  )
( 13  4  -34  )
( -27  48  -3  )
( -5  -31  -46  )
( -47  -24  14  )
( -35  37  30  )
( 28  -13  47  )
( -22  8  5  )
( 3  -33  -7  )
( 41  -40  -5  )
( 16  -24  47  )
( -6  49  35  )
( 29  38  -12  )
( 8  -28  40  )
( 29  24  -12  )
( 44  -31  -1  )
( -19  36  24  )
( 47  20  -35  )
( -11  10  -44  )
( 43  -10  -37  )
( -31  0  -14  )
( 28  15  -46  )
( 48  -1  22  )
( 19  32  -45  )
( -1  -4  44  )
( -37  -4  -21  )
( -34  -46  -44  )
( -7  -39  -16  )
( 21  -48  38  )
( -12  17  26  )
( -4  -14  -1  )
( 11  -36  -34  )
( -45  16  44  )
( 1  -42  43  )
( 15  -0  42  )
( -5  41  -40  )
( -5  -46  10  )
( 3  44  -43  )
( 43  -1  23  )
( -23  -28  -2  )
( -28  -14  -37  )
( -39  -28  -34  )
( -48  -11  -29  )
( 28  -1  49  )
( 46  -12  -5  )
( 40  4  -49  )
( -3  26  22  )
( 43  3  8  )
( -16  -12  9  )
( -46  13  -32  )
( -44  -7  -11  )
( 42  16  48  )
( -48  4  -29  )
( 23  -35  2  )
( 10  -23  49  )
( 12  32  42  )
( 33  -35  -19  )
( -35  27  -1  )
( -36  43  -14  )
( -17  7  26  )
( -0  -41  24  )
( 30  -3  15  )
( -37  -43  -48  )
( -3  -38  1  )
( -9  -2  -19  )
( -28  48  -32  )
( -4  -49  48  )
( -9  -22  21  )
( -24  14  -29  )
( -8  19  -15  )
( 11  25  -0  )
( -6  -0  -7  )
( -32  -24  28  )
( -41  -43  45  )
( -1  -34  -28  )
( 42  25  -37  )
( 11  25  -38  )
( -48  -29  -19  )
( 48  -1  11  )
( -18  7  0  )
( 12  -23  41  )
( 9  20  -8  )
( 24  -23  32  )
( 5  29  1  )
( 12  -30  6  )
( 23  44  -45  )
( 21  -13  -24  )
( 24  -26  -33  )
( -9  35  45  )
( 4  -1  47  )
( 44  -15  -30  )
( 32  -44  41  )
( 27  31  -12  )
( -27  -13  29  )
( -25  14  3  )
( 7  35  -41  )
( 36  -8  21  )
( -32  28  14  )
( 7  -26  2  )
( 35  -5  9  )
( -33  23  -39  )
( 37  -30  36  )
( -43  39  -23  )
( 7  -22  14  )
( -36  21  -41  )
( 36  23  17  )
( 6  18  19  )
( 2  -46  -32  )
( 22  31  -36  )
( -23  -17  -0  )
( 35  25  13  )
( 45  -11  27  )
( 7  49  -22  )
( -37  43  -9  )
( 25  -22  13  )
( -29  -47  -11  )
( -45  3  15  )
( 22  -33  -34  )
( -38  -40  45  )
( 48  21  -18  )
( -41  3  -1  )
( 39  1  -34  )
( -35  37  -16  )
( 29  -49  -10  )
( -23  -42  -18  )
( -28  48  30  )
( -41  -47  -17  )
( -8  -31  20  )
( 16  10  -46  )
( -39  -35  34  )
( -25  -42  39  )
( 24  -2  -16  )
( 13  -17  44  )
( -4  -33  -10  )
( 27  -40  -17  )
