( 20  14  -45  )
( -17  28  -47  )
( 26  39  -33  )
( 16  25  38  )
( -21  45  12  )
( 34  -38  18  )
( -28  36  -6  )
( 16  -41  42  )
( 5  -27  42  )
( -21  0  -29  )
( -43  -22  9  )
( 24  -31  -9  )
( -38  18  -24  )
( 43  -10  -22  )
( 24  -39  -44  )
( 47  14  -5  )
( 44  8  47  )
( 0  -26  12  )
( 11  43  -36  )
( -30  -2  -44  )
( -36  -41  -40  )
( 34  -27  3  )
( 38  1  -9  )
( 27  -1  2  )
( -29  -37  -15  )
( 48  35  -32  )
( -7  -45  0  )
( 11  26  -36  )
( -49  28  -23  )
( -19  23  -16  )
( 43  28  -15  )
( 22  40  -6  )
( -33  -9  -49  )
( -4  43  -2  )
( 6  38  -1  )
( -6  -27  12  )
( -31  -18  -17  )
( -22  36  -41  )
( 14  -17  15  )
( 35  -31  -40  )
( -26  -20  28  )
( 7  9  37  )
( 40  13  -20  )
( -1  28  35  )
( 5  -10  -37  )
( -13  -25  39  )
( 8  -3  -19  )
( 32  -29  45  )
( -5  38  46  )
( -49  5  -44  )
( 28  -47  -9  )
( -23  45  -37  )
( -40  36  -4  )
( 40  18  19  )
( -33  -20  36  )
( 14  -5  -31  )
( -34  -45  5  )
( 12  38  -4  )
( 47  -40  -1  )
( 43  -33  -16  )
( -16  49  38  )
( -33  -25  -49  )
( -16  -11  -21  )
( 46  -34  49  )
( 40  -47  18  )
( -10  -41  -17  )
( 30  -23  -8  )
( 13  -31  -22  )
( -4  -15  -41  )
( -22  16  2  )
( -5  31  27  )
( -45  -16  29  )
( 10  -33  -46  )
( -13  48  -8  )
( -48  -46  13  )
( -45  -21  4  )
( -39  -41  2  )
( 19  -41  0  )
( -33  -32  20  )
( -37  -38  0  )
( -29  36  -30  )
( -1  28  -49  )
( -23  4  24  )
( 30  -36  -6  )
( -41  -37  -44  )
( -7  -19  -42  )
( -10  -49  33  )
( -4  25  -30  )
( -8  -4  -45  )
( 4  -37  45  )
( 14  28  25  )
( -20  41  -15  )
( -23  -49  0  )
( 5  -10  -21  )
( -15  -3  -30  )
( -32  42  -47  )
( -9  19  10  )
( -14  34  -29  )
( -31  0  -9  )
( 0  9  32  )
( 21  8  37  )
( -8  26  -1  )
( -43  35  -21  )
( 23  33  45  )
( 44  -15  6  )
( -6  1  -34  )
( 23  -21  25  )
( -29  4  -0  )
( -17  -27  10  )
( -3  37  -39  )
( 39  15  33  )
( -46  -27  29  )
( 12  -40  -3  )
( 19  4  -42  )
( -1  -43  -18  )
( -44  -38  26  )
( -38  -5  9  )
( -36  40  -37  )
( 16  -36  40  )
( 39  -23  46  )
( -6  45  42  )
( -47  -45  -41  )
( 37  4  9  )
( -21  18  42  )
( -16  -15  23  )
( 12  -5  -32  )
( 28  -11  -20  )
( 21  -0  -25  )
( -3  19  21  )
( 15  -45  22  )
( -26  46  -4  )
( 47  -34  -3  )
( -29  28  6  )
( 32  -21  -16  )
( -14  -23  42  )
( 44  17  2  )
( 13  -25  -27  )
( 46  22  -42  )
( 6  4  -49  )
( -21  43  -33  )
( 43  44  48  )
( -10  38  12  )
( 29  -27  -5  )
( 26  -17  6  )
( -29  45  -6  )
( -28  -2  -4  )
( 2  -14  -28  )
( 19  0  31  )
( 42  5  26  )
( -9  47  -24  )
( 34  29  -40  )
( 41  38  -48  )
( -14  -36  41  )
( -43  -18  -2  )
( 6  28  21  )
( -37  39  5  )
( 39  19  48  )
( 24  39  25  )
( -22  29  -32  )
( -40  -4  -12  )
( 9  -43  -46  )
( 43  -28  -13  )
( -46  -1  31  )
( -38  33  43  )
( -6  39  -2  )
( -40  -46  -24  )
( 41  -49  37  )
( 37  -13  -33  )
( -24  -49  44  )
( -11  7  -43  )
( 39  18  27  )
( 4  -6  -32  )
( 36  4  9  )
( -10  22  -38  )
( -41  15  -18  )
( 22  -11  46  )
( 37  45  7  )
( 27  0  20  )
( 32  -0  41  )
( -6  29  25  )
( -21  44  -12  )
( 48  -0  36  )
( 19  -15  -45  )
( -49  -7  4  )
( 27  -32  35  )
( 9  33  11  )
( 14  -4  -48  )
( -26  2  -45  )
( -19  20  -49  )
( 30  -14  21  )
( 19  13  10  )
( 7  18  -16  )
( 27  -32  -23  )
( -33  3  18  )
( 48  -30  -34  )
( 14  -2  45  )
( -0  2  7  )
( 41  -15  -12  )
( 20  -0  8  )
( 9  -48  -26  )
( -49  22  -11  )
( 28  -30  -32  )
( -45  -14  38  )
( 4  -29  -24  )
( -41  7  -22  )
( -4  -19  11  )
( -22  30  4  )
( -43  -33  4  )
( 14  -30  45  )
( 7  19  -15  )
( -24  -8  -41  )
( -19  3  -8  )
( 27  26  -32  )
