( -22  -13  -32  )
( -39  35  -37  )
( -18  33  36  )
( 33  44  3  )
( 38  -9  32  )
( -47  -28  -49  )
( -5  -30  11  )
( 14  28  8  )
( -27  21  -23  )
( -8  30  -21  )
( -18  47  -21  )
( 47  -5  26  )
( -18  47  -22  )
( -25  -11  -38  )
( -42  -14  45  )
( -42  32  -49  )
( -26  15  1  )
( -23  33  48  )
( 14  33  28  )
( 2  46  45  )
( 47  44  14  )
( -31  32  -26  )
( -33  -5  22  )
( 7  49  44  )
( -6  -44  -7  )
( 38  -34  -39  )
( -26  -45  -5  )
( -10  -38  42  )
( 11  -38  -35  )
( 42  35  6  )
( -26  7  17  )
( 38  39  -28  )
( 28  36  -27  )
( 49  -33  -30  )
( -38  3  22  )
( 24  35  -17  )
( -41  33  -30  )
( 40  -10  -30  )
( 4  39  -14  )
( -13  5  10  )
( 26  -3  -9  )
( -13  38  22  )
( -7  -22  14  )
( -33  -49  10  )
( 10  -6  -42  )
( -36  -41  43  )
( -3  -42  43  )
( 1  13  29  )
( -27  -39  -37  )
( 24  12  34  )
( -47  -21  -28  )
( -44  16  31  )
( 1  -28  -0  )
( 13  38  -19  )
( 35  -39  10  )
( -26  -17  -33  )
( -18  41  46  )
( 17  27  -49  )
( -1  28  14  )
( -19  -22  -7  )
( 31  -49  -27  )
( -39  -33  -46  )
( -9  36  -47  )
( 3  42  -22  )
( 25  33  44  )
( 13  15  44  )
( -48  -37  45  )
( -18  -10  19  )
( -0  -42  12  )
( -41  46  47  )
( -5  -44  24  )
( -3  49  7  )
( -29  17  18  )
( -38  21  -48  )
( 24  45  -46  )
( 3  31  -9  )
( 7  -44  -41  )
( 25  23  11  )
( 20  -48  -5  )
( 43  29  4  )
( -32  -2  31  )
( 30  39  -5  )
( 8  20  35  )
( -5  -3  -36  )
( -26  -30  5  )
( -45  28  24  )
( 37  -40  28  )
( -10  -39  0  )
( -36  -40  -0  )
( -39  38  29  )
( 40  42  29  )
( -25  13  -2  )
( -13  10  -35  )
( 3  -49  -1  )
( -18  38  14  )
( -16  39  36  )
( -29  25  -49  )
( 47  -25  -45  )
( -22  -10  11  )
( -41  -24  48  )
( -30  3  7  )
( 47  -9  4  )
( -9  3  -28  )
( 18  30  32  )
( -8  25  24  )
( 36  14  11  )
( 12  8  4  )
( -23  -14  -17  )
( 15  -12  -11  )
( 19  -27  -29  )
( -28  -22  10  )
( 33  -4  11  )
( -41  38  -35  )
( 31  40  4  )
( 20  9  3  )
( -22  -39  37  )
( 15  -21  6  )
( 23  40  3  )
( 36  -22  13  )
( 42  -19  -15  )
( 20  39  14  )
( 2  11  9  )
( -35  0  16  )
( -14  17  -34  )
( 5  -49  -19  )
( -11  45  -42  )
( -7  -25  -49  )
( 45  9  -17  )
( 24  47  13  )
( 4  37  29  )
( -2  15  -14  )
( -42  -33  -48  )
( -0  -18  -9  )
( -21  -10  24  )
( 35  -43  27  )
( 43  -18  33  )
( 18  -5  -24  )
( 24  -10  13  )
( 48  -35  9  )
( -24  -2  13  )
( 21  -38  -22  )
( -47  9  -36  )
( 12  24  -43  )
( -37  43  -13  )
( 42  -4  49  )
( -8  25  -35  )
( 23  5  12  )
( 24  -41  -4  )
( -44  -5  12  )
( -47  -7  -30  )
( 34  42  -38  )
( -2  17  -29  )
( 3  42  -41  )
( 45  22  -5  )
( -2  30  -13  )
( -11  21  10  )
( -0  -17  48  )
( 1  -11  -22  )
( -15  42  -30  )
( -37  7  -28  )
( -1  20  46  )
( -16  -10  9  )
( -47  36  -17  )
( 24  -46  -40  )
( -10  -30  41  )
( 20  22  -31  )
( -38  41  -27  )
( 30  -14  1  )
( 4  -5  36  )
( -23  46  -39  )
( -4  20  -42  )
( 40  -16  -38  )
( 10  -0  19  )
( -22  42  -13  )
( -3  -5  17  )
( -20  42  -19  )
( -26  37  -30  )
( -27  47  -45  )
( 45  44  23  )
( 49  3  18  )
( -22  -11  39  )
( -12  40  -41  )
( 12  41  -31  )
( 35  15  -13  )
( -3  9  -22  )
( -27  2  -29  )
( 17  24  -2  )
( 33  22  9  )
( 38  49  -0  )
( -24  -1  4  )
( -9  -40  -27  )
( 24  -46  -25  )
( 31  26  -29  )
( 23  -16  -28  )
( -3  24  15  )
( 2  11  14  )
( -20  28  17  )
( -44  -32  35  )
( 10  18  6  )
( -2  10  17  )
( -19  -1  -15  )
( -0  24  30  )
( -38  21  26  )
( 31  -35  -42  )
( 11  -8  20  )
( -41  21  5  )
( 45  7  -42  )
( -37  -6  -23  )
( -36  22  -30  )
( 4  44  -30  )
( 22  -32  44  )
( -45  -22  -43  )
( 24  34  -4  )
