( 11  -42  -37  )
( -7  2  -22  )
( -31  -10  -42  )
( -41  18  -9  )
( 29  -8  -49  )
( 14  36  13  )
( 0  -20  -32  )
( 0  -20  -23  )
( 38  27  -41  )
( 8  7  44  )
( 23  -0  40  )
( -36  -27  18  )
( -47  17  27  )
( 39  42  -7  )
( 32  -1  -0  )
( 24  -40  30  )
( -15  18  41  )
( -5  12  48  )
( 18  16  42  )
( -45  3  9  )
( 21  1  -34  )
( 13  29  40  )
( 42  49  -40  )
( -14  9  37  )
( 23  43  -46  )
( -14  16  21  )
( -0  -13  37  )
( -17  -15  48  )
( -13  -45  22  )
( -7  12  -21  )
( -3  -37  45  )
( 41  -43  -40  )
( 9  -37  38  )
( -39  16  42  )
( 16  -9  -15  )
( -22  -19  23  )
( 18  48  -32  )
( 20  -36  -11  )
( 48  9  47  )
( -29  -13  4  )
( 25  -24  -49  )
( 5  -48  19  )
( -32  5  -43  )
( -49  4  -27  )
( 35  -36  37  )
( 13  0  40  )
( -25  14  -42  )
( 5  19  10  )
( 44  7  -10  )
( -2  22  1  )
( 42  49  31  )
( -43  28  -46  )
( 40  32  31  )
( 19  -41  -16  )
( 7  -10  -6  )
( -35  13  21  )
( -37  12  47  )
( 35  0  -43  )
( -0  -43  -42  )
( -12  11  -49  )
( 40  15  -45  )
( -25  11  -36  )
( 27  -48  -9  )
( -46  31  -1  )
( -24  26  34  )
( 48  22  -38  )
( 27  -8  9  )
( 49  44  -11  )
( -27  -20  -49  )
( -49  32  10  )
( 9  -15  -41  )
( -25  26  -48  )
( -23  32  18  )
( -43  -45  -40  )
( -27  47  -34  )
( 7  10  43  )
( 3  -31  -23  )
( 42  -25  -3  )
( 35  -49  -27  )
( -13  -29  40  )
( -47  -42  -24  )
( 12  28  -35  )
( 6  -42  19  )
( -33  36  22  )
( -47  44  29  )
( -3  24  14  )
( -26  0  5  )
( -17  11  -20  )
( 42  -9  -15  )
( -25  -5  -44  )
( -0  -4  -3  )
( 16  11  48  )
( -47  37  48  )
( -6  27  -14  )
( 3  -44  37  )
( 17  -10  0  )
( 7  28  47  )
( 20  5  -44  )
( -2  29  -9  )
( 7  -48  9  )
( -37  -31  -46  )
( 15  -26  -24  )
( -11  28  -14  )
( 23  -45  16  )
( 16  26  -27  )
( -34  -23  -37  )
( 15  10  -16  )
( 39  -27  -20  )
( 14  13  27  )
( 5  -34  -39  )
( -8  -40  -32  )
( -45  -30  -15  )
( 14  49  -21  )
( -46  -47  -39  )
( -4  -48  20  )
( 25  11  -32  )
( 48  -21  13  )
( -15  23  6  )
( -2  0  39  )
( 2  11  -46  )
( 43  48  -11  )
( -38  19  -3  )
( -44  -28  5  )
( 30  -20  27  )
( -9  -26  42  )
( -46  -20  7  )
( -39  17  -1  )
( 35  -17  32  )
( 35  -1  -48  )
( -4  7  -10  )
( -7  -2  -13  )
( 6  -18  -43  )
( 19  -1  -20  )
( -11  -33  35  )
( -17  36  -29  )
( -21  -49  -9  )
( 6  43  -17  )
( -39  -10  33  )
( 28  41  1  )
( 43  46  0  )
( -47  35  27  )
( 30  38  -28  )
( 18  -32  21  )
( 2  -45  1  )
( 0  -2  -26  )
( 12  -23  3  )
( 31  -49  -15  )
( -46  7  14  )
( 26  22  19  )
( -17  -9  27  )
( -41  -40  27  )
( -2  -39  35  )
( 30  -29  -31  )
( -15  11  41  )
( -34  16  19  )
( -33  29  -18  )
( 42  34  19  )
( -43  -26  -9  )
( -17  36  -42  )
( 29  -12  -39  )
( 13  29  34  )
( -17  -11  -47  )
( -10  5  -15  )
( 26  -1  -32  )
( -31  -36  -30  )
( 33  44  -5  )
( 34  6  -16  )
( 23  -7  -16  )
( -16  5  30  )
( 32  28  -49  )
( 21  34  8  )
( 40  -37  15  )
( -9  6  -17  )
( 13  18  36  )
( 33  -36  0  )
( -12  6  -38  )
( 2  -21  -4  )
( -18  -26  38  )
( -2  8  48  )
( 43  30  36  )
( -16  -20  7  )
( -21  -36  0  )
( -16  -5  41  )
( 42  2  0  )
( -31  -27  8  )
( 33  20  23  )
( 13  49  -4  )
( -5  27  -38  )
( 24  33  1  )
( -8  14  -45  )
( 49  -15  -23  )
( 23  -0  11  )
( -38  -28  -41  )
( -4  -29  -26  )
( -36  30  2  )
( -3  41  -10  )
( -7  2  46  )
( 10  38  -29  )
( -11  -27  22  )
( -3  23  -34  )
( 9  4  13  )
( 40  1  -44  )
( -22  30  26  )
( 41  -34  36  )
( 40  -43  -8  )
( -32  16  1  )
( -7  22  5  )
( -45  -24  -22  )
( -47  13  -25  )
( 40  34  7  )
( 12  38  31  )
( 22  -20  -44  )
( -23  -37  18  )
