( -24  -49  -2  )
( -44  -2  16  )
( 48  30  24  )
( 15  -3  -30  )
( -17  5  6  )
( -11  -8  15  )
( 20  6  -14  )
( -26  8  -42  )
( -6  -44  -29  )
( 22  18  29  )
( -7  35  28  )
( -30  33  43  )
( -6  42  -24  )
( -37  -43  33  )
( -36  -0  24  )
( 45  16  6  )
( 29  41  -17  )
( -7  34  46  )
( -10  6  20  )
( -13  34  36  )
( 34  13  11  )
( 8  41  -23  )
( 19  -27  33  )
( -40  -3  -8  )
( -49  3  25  )
( -7  -3  -36  )
( 31  -37  7  )
( -11  27  26  )
( 33  21  -36  )
( -38  -3  10  )
( 21  27  29  )
( 25  -45  -8  )
( -17  5  3  )
( 4  17  -11  )
( -19  -43  -24  )
( 36  -24  -0  )
( 16  8  49  )
( -37  40  1  )
( -46  -16  -25  )
( -36  -29  -4  )
( -49  -23  -37  )
( -30  46  -4  )
( 48  28  -37  )
( -32  19  -37  )
( -17  23  -29  )
( -33  12  20  )
( -28  25  19  )
( 26  -30  -16  )
( 43  27  6  )
( 26  17  35  )
( -46  -33  -37  )
( -27  -42  3  )
( -5  34  1  )
( 15  11  -18  )
( 21  25  19  )
( -10  6  21  )
( 14  43  27  )
( 30  -40  -12  )
( -17  -47  39  )
( 26  -49  -38  )
( 12  2  36  )
( -4  9  14  )
( 19  11  -45  )
( 8  -30  38  )
( 20  37  45  )
( 7  -10  -35  )
( 31  -36  46  )
( 6  49  -34  )
( -43  32  -37  )
( 6  -9  -14  )
( -2  -22  15  )
( -0  5  38  )
( -34  33  -4  )
( -22  43  13  )
( -29  -18  31  )
( 37  -10  -48  )
( 37  1  21  )
( 44  -38  -48  )
( -1  -26  35  )
( 20  -26  28  )
( 26  34  23  )
( 17  -7  -10  )
( 24  -8  -43  )
( -9  -28  37  )
( -27  5  37  )
( -25  -16  20  )
( 14  27  -44  )
( 2  -3  39  )
( -18  -7  -22  )
( -2  13  -5  )
( 16  19  0  )
( -21  -26  -37  )
( 48  -10  22  )
( 35  -1  -14  )
( -24  35  -20  )
( -3  31  2  )
( -47  -0  -17  )
( -48  -42  -11  )
( -8  19  0  )
( 10  -3  21  )
( 20  21  -42  )
( -29  -44  -5  )
( 38  -48  -6  )
( 2  47  34  )
( -11  -29  -32  )
( -42  -43  -49  )
( 33  17  -35  )
( -29  -14  -48  )
( -28  -22  -32  )
( 12  -36  -0  )
( 35  23  -20  )
( 24  17  -1  )
( -30  -34  0  )
( 19  -2  -30  )
( 18  -6  -10  )
( 37  27  2  )
( -25  -40  39  )
( 40  47  3  )
( 30  -8  36  )
( 39  7  34  )
( 15  -34  -1  )
( -23  40  1  )
( -43  -38  4  )
( 25  -22  -18  )
( 31  -40  45  )
( 17  -7  0  )
( 34  19  -6  )
( -11  19  -9  )
( 1  8  -16  )
( -18  35  -12  )
( -28  17  -19  )
( -18  35  29  )
( 25  -11  33  )
( 32  6  -4  )
( 44  0  -9  )
( -34  6  -5  )
( -4  -17  -5  )
( 12  -49  33  )
( -30  -16  -17  )
( 4  -28  48  )
( 38  -22  23  )
( -7  9  27  )
( 45  -31  -17  )
( 39  -48  20  )
( -0  -38  26  )
( -23  -30  -9  )
( 41  40  -15  )
( -6  -26  -3  )
( 29  -8  -46  )
( -33  -42  -34  )
( -35  36  -39  )
( -1  17  32  )
( 5  41  -2  )
( -27  -24  -13  )
( 29  -0  31  )
( -11  2  26  )
( 44  2  -6  )
( 42  32  -35  )
( -22  6  17  )
( 47  -13  -45  )
( 40  -3  -8  )
( -34  48  18  )
( 4  -48  -49  )
( 17  -4  6  )
( -31  32  11  )
( 35  -49  39  )
( 39  -44  22  )
( 20  -34  -2  )
( 14  17  48  )
( -29  -38  -21  )
( -23  -42  -13  )
( -10  1  24  )
( 16  -40  18  )
( 0  49  -28  )
( -17  3  -2  )
( -32  -7  27  )
( 46  29  -10  )
( -40  -21  -35  )
( 48  -21  8  )
( -44  -30  -42  )
( -11  28  -47  )
( -37  12  35  )
( -27  -7  -47  )
( 5  -48  33  )
( 46  31  2  )
( -18  -13  41  )
( -14  -32  48  )
( -45  -46  33  )
( 43  21  -23  )
( -40  2  -42  )
( -10  -8  -42  )
( -25  23  -0  )
( 10  16  -4  )
( -43  -19  46  )
( 6  3  -23  )
( -27  -16  -37  )
( -4  -7  28  )
( -33  -48  43  )
( -28  -5  -42  )
( 19  7  -46  )
( 49  -25  -32  )
( -0  49  40  )
( 18  -48  -36  )
( 40  -2  1  )
( 30  29  -19  )
( 25  8  6  )
( -15  -20  -41  )
( 42  21  5  )
( -34  -41  48  )
( 22  36  -47  )
( 31  -4  48  )
( -16  3  46  )
( -30  38  -25  )
