( -9  6  29  )
( -49  -21  -10  )
( -8  -27  -49  )
( 29  -48  19  )
( 20  6  15  )
( -39  -11  -21  )
( 0  46  45  )
( -41  10  21  )
( -3  -49  4  )
( -28  -40  41  )
( 47  -37  -28  )
( -45  26  -48  )
( 14  34  -35  )
( 25  -27  6  )
( -7  8  -32  )
( 26  -28  41  )
( 20  -28  19  )
( 18  7  30  )
( -11  -15  -0  )
( 42  -22  13  )
( -20  -6  19  )
( -46  -10  -11  )
( -18  19  -11  )
( -6  -0  16  )
( 42  -25  39  )
( -22  -38  -12  )
( 7  47  22  )
( -33  -32  27  )
( 47  33  -28  )
( -3  32  -31  )
( -24  36  19  )
( 16  -43  -29  )
( -29  19  -11  )
( 49  35  -1  )
( 22  16  28  )
( 21  37  34  )
( -23  -19  -31  )
( -44  43  9  )
( 6  45  43  )
( 18  3  15  )
( 19  -45  28  )
( 29  -44  13  )
( -19  -12  32  )
( -8  -45  37  )
( 19  46  43  )
( 46  -26  2  )
( -38  -10  33  )
( -34  -23  20  )
( 16  12  2  )
( -22  48  -39  )
( 22  -47  45  )
( -25  46  -0  )
( -0  3  -20  )
( 2  43  44  )
( 20  36  -10  )
( -7  33  -30  )
( -5  -18  25  )
( -43  2  -38  )
( 33  -8  43  )
( -35  -5  10  )
( -22  -40  -12  )
( -7  49  29  )
( 18  10  -23  )
( -7  -16  37  )
( 43  37  -45  )
( -39  -49  -36  )
( -41  15  -29  )
( -1  45  -11  )
( 24  18  16  )
( -23  -9  17  )
( 38  12  -0  )
( 25  19  -23  )
( -8  20  -2  )
( -25  43  49  )
( 32  10  15  )
( -2  -21  1  )
( 44  19  -14  )
( -43  -40  -19  )
( 25  -18  -42  )
( -7  42  46  )
( -3  -31  -21  )
( 15  -10  27  )
( -29  49  39  )
( -29  -19  -16  )
( 0  -5  14  )
( -29  -9  -39  )
( 6  5  -31  )
( -0  28  22  )
( -17  14  23  )
( -38  35  30  )
( 29  41  -34  )
( -16  28  -4  )
( -12  0  37  )
( 29  13  -20  )
( -19  -48  31  )
( -11  -16  -42  )
( -23  26  -25  )
( 13  41  26  )
( -3  -45  -28  )
( -11  -46  39  )
( -3  48  -19  )
( 36  -46  -42  )
( -2  13  -14  )
( 18  -5  -49  )
( -2  12  -17  )
( 11  21  22  )
( -25  -46  -31  )
( -22  -24  27  )
( 21  14  48  )
( 39  -25  42  )
( 15  23  35  )
( -48  -39  49  )
( 31  -45  -13  )
( -27  -14  -3  )
( -0  38  -14  )
( -17  45  -21  )
( 18  -40  -2  )
( 14  19  -32  )
( 45  18  24  )
( 18  40  8  )
( -38  19  30  )
( -40  47  10  )
( 34  19  -43  )
( 39  0  1  )
( 21  45  17  )
( -20  8  -21  )
( 40  41  42  )
( 48  -13  27  )
( 12  -20  -13  )
( -21  34  33  )
( 25  -26  10  )
( -43  -4  -38  )
( -19  -5  38  )
( -39  -4  -2  )
( -13  46  23  )
( 7  -3  -35  )
( 26  44  -30  )
( -28  -7  11  )
( -12  43  42  )
( 0  -12  18  )
( -29  -8  -12  )
( 48  -21  25  )
( -36  -47  33  )
( -44  -39  24  )
( 42  21  -32  )
( -17  39  29  )
( 44  -17  -24  )
( -13  -4  -31  )
( 49  -39  -37  )
( 31  44  -13  )
( 39  -27  -15  )
( 3  -30  11  )
( -7  -28  15  )
( -44  28  14  )
( -25  -11  38  )
( -30  -25  11  )
( -15  -3  20  )
( -43  -39  2  )
( -38  -44  40  )
( -35  27  33  )
( -18  -2  -42  )
( 0  42  40  )
( -41  11  4  )
( 7  34  -30  )
( -26  -12  40  )
( -31  37  -23  )
( 24  -6  18  )
( 42  39  3  )
( -42  27  4  )
( -9  16  26  )
( -29  -37  22  )
( 16  -36  3  )
( -26  -17  43  )
( 18  -8  -41  )
( 47  0  -35  )
( -32  -41  2  )
( -31  -2  28  )
( 49  3  35  )
( 25  41  -17  )
( 15  -29  27  )
( 48  35  -33  )
( -29  -12  -25  )
( 3  -2  -29  )
( 43  -19  29  )
( -44  29  1  )
( 49  -34  4  )
( -15  39  38  )
( -9  49  -12  )
( 19  -5  27  )
( 27  21  -22  )
( 45  -20  -44  )
( -35  -4  25  )
( -47  6  -5  )
( -21  18  23  )
( 38  46  -30  )
( 20  35  -1  )
( -23  -2  -13  )
( -11  -2  20  )
( 38  25  36  )
( -43  -30  35  )
( -28  13  44  )
( -31  21  -23  )
( -45  -21  -17  )
( 7  42  -17  )
( -4  -5  13  )
( -32  -17  49  )
( 11  44  -18  )
( -15  -24  10  )
( 24  -28  31  )
( -49  -30  -8  )
( -32  -11  -10  )
( 18  -11  -40  )
( -26  23  -2  )
