( -44  -43  -17  )
( 29  32  -46  )
( -36  45  20  )
( 40  -43  -25  )
( 45  5  -17  )
( 9  39  34  )
( 15  -26  -9  )
( 10  35  48  )
( -33  16  -42  )
( -11  -31  19  )
( 30  -21  -47  )
( 30  44  46  )
( -25  37  16  )
( -48  27  -36  )
( 48  6  43  )
( 15  -44  16  )
( 2  30  -27  )
( 18  33  36  )
( -4  -29  -44  )
( -14  45  47  )
( 7  -44  16  )
( 14  -42  -27  )
( 12  -17  32  )
( -0  -38  -33  )
( -38  -27  47  )
( 28  49  25  )
( -14  -18  -13  )
( 21  -35  -32  )
( -46  -30  -36  )
( 7  -9  32  )
( 23  12  -35  )
( -31  22  12  )
( -14  9  -2  )
( -20  -13  48  )
( 34  17  -23  )
( 34  18  31  )
( -20  -7  -13  )
( -34  -19  33  )
( -33  -34  -23  )
( 25  12  -44  )
( 26  -43  18  )
( 49  -44  14  )
( 46  13  36  )
( 47  24  28  )
( 41  26  37  )
( 10  -31  -3  )
( 8  41  -24  )
( -26  -48  23  )
( -4  -32  39  )
( 30  20  -10  )
( -49  -42  39  )
( -40  -46  20  )
( 14  -15  -28  )
( -9  28  15  )
( -16  -2  -13  )
( 32  -30  -11  )
( 25  -9  -12  )
( -40  -34  -37  )
( -31  -46  -21  )
( -46  10  24  )
( 22  -25  13  )
( 11  18  -22  )
( 49  15  -41  )
( 13  -24  39  )
( -9  48  -0  )
( 48  44  -0  )
( 2  43  36  )
( 13  19  -43  )
( -24  -39  37  )
( 49  -29  30  )
( -9  -23  7  )
( 0  12  -37  )
( -39  -8  41  )
( -48  -6  -29  )
( -27  -28  22  )
( 36  -18  -41  )
( 33  -1  44  )
( -8  -14  47  )
( -39  34  -21  )
( -46  -14  -36  )
( 6  26  -4  )
( -27  10  -20  )
( -19  -33  -12  )
( 23  -27  36  )
( 47  5  44  )
( -40  -48  5  )
( -34  26  -18  )
( -3  -0  -49  )
( -7  -34  -18  )
( 0  -43  23  )
( 3  -45  -10  )
( -42  -30  -21  )
( -1  13  -36  )
( 26  -34  38  )
( 8  -24  29  )
( -3  -48  47  )
( 4  -6  -44  )
( 26  40  31  )
( -44  33  31  )
( -32  4  26  )
( 7  -35  -41  )
( 36  8  15  )
( 8  -36  44  )
( -38  -33  -27  )
( 0  -5  -28  )
( -45  17  -35  )
( -32  -10  39  )
( -34  49  16  )
( 48  -47  36  )
( -32  -9  -24  )
( 2  -11  -3  )
( -15  28  6  )
( 38  4  17  )
( -38  -39  -48  )
( -39  0  5  )
( 9  -34  15  )
( 35  -38  26  )
( 1  15  -46  )
( -30  10  41  )
( 6  16  18  )
( 14  42  -36  )
( -3  18  49  )
( -10  -6  -29  )
( -1  -20  -11  )
( 48  -15  3  )
( -27  -14  -30  )
( 12  -1  22  )
( 43  3  -5  )
( -10  7  3  )
( 46  28  40  )
( 12  41  -45  )
( 8  -41  -39  )
( 6  17  31  )
( -34  20  -33  )
( -43  -26  -34  )
( -11  12  23  )
( 48  -11  41  )
( -3  13  -11  )
( 22  33  5  )
( -23  -37  21  )
( -32  -9  48  )
( 15  -45  29  )
( 7  -28  41  )
( 7  26  -27  )
( -27  34  32  )
( -27  -40  -43  )
( -33  -0  20  )
( -34  0  11  )
( 43  -47  -1  )
( 32  -12  31  )
( -28  4  -8  )
( -46  32  -9  )
( -47  16  -31  )
( 23  -31  -12  )
( -11  15  -19  )
( 36  -7  2  )
( 18  46  23  )
( -22  35  -43  )
( 28  -31  -36  )
( 35  -41  15  )
( 4  28  38  )
( -41  -40  18  )
( -3  -25  -44  )
( -8  -17  28  )
( -45  -2  38  )
( -30  42  47  )
( -7  27  49  )
( 25  -17  5  )
( -13  45  7  )
( 48  -42  30  )
( 45  -34  24  )
( 33  0  46  )
( 48  -30  47  )
( 45  35  -13  )
( 12  -28  -45  )
( -29  -45  0  )
( 30  -12  -4  )
( -40  16  -23  )
( -41  36  4  )
( -10  25  34  )
( 36  -47  19  )
( 15  33  31  )
( -24  31  49  )
( -34  -28  27  )
( 40  12  37  )
( -46  0  44  )
( 19  6  47  )
( -15  12  -37  )
( -6  18  -13  )
( 38  -47  18  )
( -24  -32  -7  )
( -0  -33  -4  )
( 28  -7  29  )
( -41  49  10  )
( -24  16  21  )
( -35  -45  2  )
( 7  -25  -38  )
( 12  -25  -49  )
( -30  18  -48  )
( 48  -20  -5  )
( -27  -28  -13  )
( -2  35  -13  )
( -30  -22  25  )
( 20  45  48  )
( -30  13  48  )
( 42  -29  33  )
( -16  0  -39  )
( -45  -27  40  )
( -23  40  27  )
( 48  -22  34  )
( 26  3  -11  )
( 7  -24  6  )
( 16  7  23  )
