( -6  45  -8  )
( 22  -9  -12  )
( 43  -21  -6  )
( 0  -23  12  )
( -33  -14  38  )
( -25  35  -23  )
( -19  -49  47  )
( -28  23  -11  )
( -32  5  -10  )
( -0  -20  -6  )
( 49  11  0  )
( -13  -15  -8  )
( -22  9  -8  )
( 30  39  -5  )
( 18  -43  26  )
( 33  -12  -37  )
( -3  16  31  )
( -32  -38  29  )
( -13  -46  -33  )
( 0  44  -40  )
( -21  18  -48  )
( -21  -7  -36  )
( -49  26  -48  )
( 24  44  -25  )
( -5  34  39  )
( 2  32  44  )
( 48  38  -22  )
( -19  39  -33  )
( -10  -45  27  )
( 25  -39  5  )
( -41  -16  -33  )
( 3  23  -34  )
( -32  -20  -40  )
( 24  35  9  )
( -6  4  11  )
( -45  -23  -4  )
( 38  -41  -16  )
( -22  4  -32  )
( 1  -28  -33  )
( -36  -18  -45  )
( 48  -22  47  )
( -39  19  -46  )
( -7  27  30  )
( 34  -30  11  )
( 41  9  -37  )
( -38  -34  16  )
( 47  42  -32  )
( 14  21  -17  )
( -36  0  -27  )
( -23  30  -47  )
( -11  4  16  )
( 48  -18  -49  )
( 7  49  -25  )
( 26  -49  -48  )
( -27  17  26  )
( 9  11  -7  )
( -34  -31  29  )
( -28  -6  -33  )
( -7  3  1  )
( 43  -16  -21  )
( 36  -15  -8  )
( -8  -39  22  )
( -32  -5  20  )
( -49  -17  -48  )
( 32  -39  8  )
( -12  39  -32  )
( -49  -48  40  )
( -3  20  -37  )
( 7  45  -15  )
( -7  33  30  )
( 9  -20  19  )
( 1  -10  -38  )
( 19  -29  21  )
( -14  -16  -41  )
( -38  34  29  )
( -24  47  -44  )
( 23  8  -5  )
( 37  27  -39  )
( 12  33  11  )
( -11  -7  23  )
( 14  -28  26  )
( 33  -47  -15  )
( 8  40  -7  )
( -19  38  -20  )
( 37  -2  -18  )
( 2  9  -39  )
( 39  1  34  )
( -27  -49  -7  )
( -1  -32  28  )
( 48  18  26  )
( -48  39  12  )
( -8  -16  -28  )
( -49  -0  -41  )
( 1  3  8  )
( 36  6  -5  )
( -27  14  -13  )
( -8  15  37  )
( 26  4  7  )
( 32  -27  -16  )
( -18  29  -45  )
( -14  -24  -36  )
( 1  -37  10  )
( -33  -13  12  )
( 16  46  25  )
( 25  44  22  )
( 20  -7  12  )
( -34  -10  48  )
( -42  -18  22  )
( -25  34  0  )
( -21  40  42  )
( -26  -36  35  )
( 36  39  46  )
( -24  -1  -33  )
( 15  -5  23  )
( 0  -26  27  )
( -14  23  -38  )
( 28  -48  37  )
( -13  -28  -3  )
( 33  -39  34  )
( -16  42  -0  )
( -8  -13  49  )
( 40  -12  -21  )
( -9  13  -26  )
( 37  -2  48  )
( 23  -44  -49  )
( 38  19  -34  )
( 6  -45  15  )
( -22  19  -38  )
( -47  -9  21  )
( -8  -33  -20  )
( 47  15  40  )
( -36  24  8  )
( -35  7  -38  )
( -21  -30  -17  )
( -32  -0  49  )
( 38  4  36  )
( 18  -0  -47  )
( 19  2  -48  )
( -37  -23  17  )
( 43  -24  -12  )
( -2  -48  -31  )
( -44  8  25  )
( -14  49  30  )
( -35  24  20  )
( -27  -16  -35  )
( -11  -42  30  )
( -16  15  -23  )
( -10  -27  46  )
( 40  -5  -49  )
( 18  29  19  )
( -32  7  28  )
( -33  -34  4  )
( 17  -22  33  )
( -12  21  -24  )
( -33  4  21  )
( 12  -37  8  )
( 31  -22  1  )
( 8  33  10  )
( -18  1  2  )
( 41  2  32  )
( -36  0  15  )
( 18  -44  29  )
( -35  5  25  )
( -28  8  1  )
( -41  -20  -18  )
( 7  30  -42  )
( 33  -4  -3  )
( -32  -30  26  )
( 20  32  48  )
( -40  34  -18  )
( -21  43  24  )
( -33  -34  -36  )
( -1  23  -27  )
( -23  -41  6  )
( 4  -1  -34  )
( -18  28  -45  )
( -38  -12  26  )
( -18  -39  -35  )
( -34  -2  33  )
( 30  -33  41  )
( -42  -49  30  )
( 9  13  -25  )
( -18  40  -15  )
( 21  10  17  )
( -22  -4  -46  )
( -9  -32  36  )
( -12  9  35  )
( 38  -46  1  )
( -12  -10  -33  )
( 18  -33  -14  )
( 26  2  -4  )
( 10  21  7  )
( -46  47  -41  )
( 20  39  -43  )
( 19  -43  -16  )
( 23  -44  -20  )
( 29  -5  -28  )
( -13  -9  6  )
( -19  40  -35  )
( 0  -41  40  )
( 45  2  -1  )
( -6  9  -35  )
( -40  -42  -32  )
( -33  -27  10  )
( -28  -48  -35  )
( -5  -31  30  )
( -30  31  -23  )
( -46  -21  -26  )
( -35  1  -5  )
( -11  -29  -15  )
( 1  19  44  )
( 46  42  -16  )
( 14  -33  3  )
