( 30  -32  34  )
( -41  -26  -47  )
( -6  -2  -29  )
( -20  42  -21  )
( -12  -4  -48  )
( -3  11  22  )
( -18  10  45  )
( 19  5  -44  )
( -15  -36  -19  )
( -31  -48  -47  )
( 9  22  10  )
( -13  22  -0  )
( -35  -29  -38  )
( 1  -37  35  )
( -42  15  29  )
( -12  -9  -38  )
( -36  23  -35  )
( -15  -20  -28  )
( -40  23  -11  )
( -23  -41  40  )
( 37  -17  49  )
( 26  -36  -40  )
( 17  48  -28  )
( -36  -30  26  )
( 4  36  13  )
( 4  49  -22  )
( 20  -42  24  )
( -48  -2  -22  )
( 10  -46  -45  )
( 12  -30  49  )
( -0  22  -15  )
( -43  -30  8  )
( 15  26  46  )
( -30  38  -21  )
( -26  49  -35  )
( 6  14  31  )
( 22  -47  -6  )
( 27  -42  7  )
( 11  27  29  )
( 16  19  -43  )
( -24  -30  7  )
( 4  -43  44  )
( -41  46  37  )
( -1  -42  -46  )
( 20  37  -18  )
( 22  48  49  )
( 21  20  -27  )
( 40  -15  -9  )
( -39  -13  20  )
( 1  11  21  )
( 46  49  13  )
( 19  -1  24  )
( 28  26  -2  )
( 21  36  -44  )
( -7  -48  -47  )
( -14  12  -22  )
( 47  -49  32  )
( -10  -32  25  )
( -19  -12  48  )
( 46  -12  -35  )
( 48  33  3  )
( -36  24  -4  )
( -24  23  48  )
( -11  -49  -40  )
( -30  -24  -32  )
( -24  -34  -7  )
( 44  -15  37  )
( 1  2  -39  )
( -40  -10  28  )
( 12  35  -45  )
( -31  -2  5  )
( 37  -35  25  )
( 0  -46  37  )
( 6  17  28  )
( 36  -49  29  )
( -19  -22  9  )
( -14  -38  -28  )
( 49  -37  4  )
( 33  35  31  )
( -4  20  19  )
( 48  17  5  )
( 25  -38  37  )
( -9  -17  -27  )
( 34  -14  -24  )
( -24  49  -29  )
( 41  45  48  )
( 20  7  31  )
( 42  12  14  )
( 30  -0  -7  )
( 19  -9  6  )
( 32  -45  -15  )
( -18  -49  14  )
( -22  30  -36  )
( -36  13  -29  )
( -35  -22  -21  )
( -44  -49  41  )
( 43  -8  48  )
( 0  28  47  )
( 43  40  15  )
( 31  47  37  )
( 16  24  -35  )
( -37  -35  -45  )
( 46  -16  5  )
( -37  -8  12  )
( 19  -25  33  )
( -47  40  -28  )
( 24  -7  19  )
( 40  -7  -5  )
( 46  5  -4  )
( -23  18  -4  )
( -33  44  -37  )
( -14  4  -37  )
( -42  23  -45  )
( -21  47  -11  )
( 16  24  1  )
( 23  -46  -26  )
( -32  -26  25  )
( -45  36  49  )
( -17  -6  -11  )
( 13  -31  -42  )
( 47  6  -19  )
( 8  40  48  )
( 44  16  20  )
( 24  -23  49  )
( -25  -42  48  )
( 2  36  18  )
( 18  22  9  )
( 14  6  0  )
( -10  33  -22  )
( 13  -24  -16  )
( 28  20  14  )
( -39  -49  -44  )
( -35  -38  -2  )
( -35  -34  20  )
( -21  -27  34  )
( -33  1  -17  )
( -25  -43  -32  )
( -10  13  24  )
( 20  -2  6  )
( -27  30  24  )
( 17  7  34  )
( 35  31  -14  )
( -33  28  -49  )
( 5  31  17  )
( -34  -41  -28  )
( 14  12  8  )
( -40  33  -28  )
( -20  -26  -16  )
( 43  -27  7  )
( 40  -25  -33  )
( 29  18  -16  )
( -34  -48  20  )
( 17  44  -42  )
( 13  5  42  )
( 36  -14  20  )
( 7  31  12  )
( 7  -43  32  )
( 34  12  21  )
( 41  15  -16  )
( 28  49  -27  )
( -40  6  -12  )
( 47  2  21  )
( 33  22  6  )
( 33  20  30  )
( -32  -26  30  )
( -4  2  -33  )
( 33  29  -9  )
( 26  20  -43  )
( 45  38  20  )
( 43  21  -4  )
( 33  -21  -11  )
( 3  -33  -21  )
( -26  15  33  )
( 25  39  27  )
( -31  6  24  )
( 1  -0  13  )
( 20  41  22  )
( 5  23  -44  )
( -7  -42  19  )
( 37  -32  19  )
( -36  33  18  )
( 15  34  -45  )
( 0  12  21  )
( -45  -14  38  )
( 14  -32  0  )
( -3  2  32  )
( -2  -39  -23  )
( 2  -4  -16  )
( -0  -44  -47  )
( 2  32  -10  )
( 7  -24  25  )
( -45  -47  42  )
( 30  -0  -45  )
( 38  19  -6  )
( -44  -39  31  )
( 36  20  13  )
( 40  -17  12  )
( -35  -45  33  )
( -47  2  8  )
( -22  -24  -49  )
( -26  -37  -4  )
( -45  -0  -26  )
( 40  41  -43  )
( -35  27  8  )
( -7  -18  12  )
( 21  41  -23  )
( 25  -6  21  )
( -29  -32  12  )
( -11  -15  34  )
( -27  6  -10  )
( -41  -21  46  )
( -34  -21  37  )
( 44  -25  24  )
