( -16  -11  28  )
( 2  -35  11  )
( -15  -33  -24  )
( -41  28  11  )
( -19  9  31  )
( 39  8  32  )
( -24  -6  17  )
( 18  22  -6  )
( 48  15  8  )
( -5  16  44  )
( -19  18  16  )
( 31  -1  -29  )
( 44  39  5  )
( 35  -34  0  )
( 40  41  1  )
( -28  -37  -13  )
( 15  -2  -33  )
( -15  -44  4  )
( 46  -49  -35  )
( -21  -16  20  )
( -29  -47  28  )
( 49  23  26  )
( -41  40  -37  )
( -1  -38  -3  )
( -6  -22  -18  )
( 34  -6  18  )
( -0  28  40  )
( 27  -24  48  )
( -46  18  -7  )
( 34  33  21  )
( 31  9  5  )
( -38  43  48  )
( 19  -25  -6  )
( 31  43  33  )
( -18  7  25  )
( -17  18  25  )
( 1  7  -30  )
( 3  -42  -10  )
( -1  16  40  )
( 45  -46  20  )
( 36  -5  8  )
( 12  4  40  )
( -0  -23  20  )
( 47  33  -30  )
( 39  -15  32  )
( -16  27  -14  )
( -4  -43  -23  )
( 32  31  14  )
( -36  15  -9  )
( 14  37  33  )
( 24  -5  9  )
( -29  7  2  )
( 15  13  31  )
( 16  17  3  )
( -16  -27  -23  )
( -4  -27  -21  )
( 46  -42  -45  )
( -17  -42  26  )
( -8  -20  -7  )
( 6  -33  2  )
( -49  33  5  )
( -5  37  -20  )
( 41  -9  -47  )
( 5  11  27  )
( 39  -23  18  )
( -8  -15  -30  )
( -25  -11  -8  )
( 39  13  -41  )
( 26  23  33  )
( 26  -7  35  )
( 29  -10  -0  )
( 19  2  20  )
( 12  -37  -0  )
( 15  33  -23  )
( -19  48  3  )
( 33  16  -48  )
( -9  -7  49  )
( -9  -47  45  )
( 16  5  -26  )
( -12  -42  -39  )
( 19  -36  14  )
( 46  -27  -41  )
( 8  -28  24  )
( 38  -39  -31  )
( 9  -7  -48  )
( 14  -33  -30  )
( 32  0  -35  )
( 31  32  33  )
( -49  2  -11  )
( -0  -35  45  )
( 6  36  -42  )
( -38  -36  5  )
( 37  42  0  )
( -2  -28  -16  )
( -38  -12  -45  )
( 32  34  -12  )
( -22  -33  40  )
( -24  -31  -17  )
( -43  -21  -32  )
( 40  47  11  )
( -4  0  29  )
( -6  13  -37  )
( 45  0  8  )
( -19  39  3  )
( -15  30  39  )
( -11  20  -33  )
( 41  1  -26  )
( -4  15  32  )
( -7  -5  -18  )
( -0  -12  8  )
( -48  32  23  )
( 44  0  -43  )
( -36  -39  32  )
( -13  4  6  )
( -24  -22  -37  )
( 23  -41  -42  )
( -13  -28  -18  )
( 4  -18  8  )
( -47  2  21  )
( -24  -37  40  )
( -2  20  -7  )
( 31  -7  -16  )
( -26  10  5  )
( -41  -44  5  )
( 44  27  24  )
( -23  -17  -22  )
( -49  -28  5  )
( 26  14  -42  )
( -31  47  -48  )
( -49  -25  -27  )
( -45  35  -32  )
( 39  28  44  )
( 22  24  -31  )
( 3  -5  -35  )
( -4  -44  -31  )
( 43  8  -31  )
( -24  -15  7  )
( 46  -47  36  )
( 45  -8  -19  )
( -33  -48  -39  )
( 17  -43  11  )
( -30  24  2  )
( 12  -3  4  )
( -0  42  19  )
( -34  -13  -3  )
( 21  -30  -10  )
( 47  -27  17  )
( -3  -5  23  )
( -43  -36  -17  )
( 28  -34  -7  )
( 0  46  17  )
( 21  -19  -9  )
( -42  1  48  )
( 14  22  47  )
( -37  -43  -3  )
( 12  -17  -18  )
( -6  23  -37  )
( 10  21  -16  )
( 31  32  23  )
( -11  47  44  )
( -47  -35  45  )
( -3  16  -13  )
( 3  43  -44  )
( -1  -42  -41  )
( 44  -40  37  )
( -0  46  -3  )
( -4  -38  37  )
( 48  -8  -14  )
( -9  3  22  )
( 46  16  -32  )
( -45  -0  -2  )
( 47  11  -27  )
( -48  20  40  )
( -16  -43  -37  )
( 15  -24  28  )
( -32  41  47  )
( 22  38  32  )
( 32  44  45  )
( -42  22  21  )
( 19  9  48  )
( 32  -35  13  )
( 42  -43  -47  )
( 32  -37  3  )
( -25  3  46  )
( -49  4  -18  )
( 46  -24  -20  )
( -33  -42  -8  )
( -21  48  39  )
( 1  41  32  )
( 11  23  2  )
( 17  -28  -36  )
( 1  20  33  )
( 21  -6  -4  )
( -16  -39  0  )
( 13  23  19  )
( 37  -24  -49  )
( 11  44  -41  )
( 30  -39  20  )
( 48  7  40  )
( 11  -29  30  )
( 37  -3  -16  )
( -41  -11  -36  )
( 10  48  -18  )
( 34  18  -5  )
( 11  4  -7  )
( -9  -27  28  )
( 49  17  1  )
( -36  -25  44  )
( -36  49  34  )
( -45  -24  -25  )
( 0  -1  14  )
( 42  -36  -12  )
( 22  2  -11  )
