( -38  16  32  )
( -45  -5  18  )
( -18  11  -26  )
( -19  40  -9  )
( 31  -24  3  )
( -49  -3  41  )
( 41  36  -20  )
( -28  -40  -5  )
( -44  -16  38  )
( 18  1  -19  )
( -6  -34  -48  )
( 4  2  42  )
( -44  -6  33  )
( -0  49  -3  )
( 20  -27  -22  )
( 12  -29  -15  )
( -33  42  6  )
( 45  -11  -3  )
( -34  2  30  )
( 40  -5  14  )
( 21  -0  44  )
( 13  -43  9  )
( -46  -22  -45  )
( 24  5  -40  )
( 49  7  -3  )
( -29  12  4  )
( -18  -34  39  )
( 49  13  -34  )
( 21  4  -13  )
( -13  -27  -3  )
( -35  42  2  )
( -30  -45  36  )
( 28  -24  -7  )
( 38  24  -21  )
( -9  -42  -12  )
( 12  7  -15  )
( 44  10  -15  )
( -23  1  -9  )
( -21  49  -48  )
( 43  -14  -11  )
( 47  49  36  )
( -25  -38  -28  )
( 40  42  22  )
( 19  16  38  )
( 4  -33  -8  )
( -34  9  42  )
( 41  -21  19  )
( -49  43  -48  )
( 24  19  -38  )
( 27  -8  20  )
( 7  0  -18  )
( 23  -37  49  )
( -9  -10  6  )
( -18  -30  -34  )
( -8  -7  -45  )
( -12  17  43  )
( 20  7  -37  )
( -28  14  -8  )
( -25  3  12  )
( -48  14  -9  )
( 22  -35  -3  )
( 15  -25  48  )
( -32  39  -23  )
( -39  -46  -36  )
( -11  -49  37  )
( -32  -23  11  )
( -31  10  -4  )
( 10  4  6  )
( -30  -31  13  )
( 37  38  30  )
( 45  5  -33  )
( 2  26  1  )
( -16  -11  19  )
( 41  32  -12  )
( 42  25  -8  )
( -33  25  26  )
( 12  -25  14  )
( 36  15  46  )
( 33  14  21  )
( -27  -5  36  )
( -34  -25  12  )
( -38  32  -30  )
( -45  -2  -38  )
( -4  17  34  )
( 43  33  41  )
( 8  11  16  )
( 34  0  -11  )
( -17  44  6  )
( -28  -13  30  )
( -7  -37  46  )
( -13  34  44  )
( -45  -18  8  )
( 8  -2  12  )
( -29  26  -9  )
( 35  -31  -43  )
( 13  23  -46  )
( 39  -31  -21  )
( -40  6  36  )
( -22  45  -23  )
( -25  41  -15  )
( 2  30  41  )
( -45  18  -49  )
( -21  -8  -43  )
( 39  48  17  )
( 12  39  -40  )
( -45  29  -18  )
( -7  26  43  )
( 46  35  7  )
( -6  15  25  )
( -3  2  -39  )
( 42  -11  -48  )
( -22  -3  24  )
( 49  35  -9  )
( 39  34  31  )
( 28  47  -46  )
( -7  2  -12  )
( 6  -34  42  )
( 39  -42  18  )
( -24  -18  44  )
( -29  8  -27  )
( 1  15  49  )
( -5  48  0  )
( -1  34  46  )
( -8  -48  -36  )
( -25  23  28  )
( 46  20  18  )
( -16  -29  20  )
( 25  42  13  )
( -39  -16  19  )
( -33  5  -16  )
( 16  -35  -38  )
( 28  30  -15  )
( 29  17  -16  )
( 24  -2  48  )
( -9  -2  49  )
( 16  -14  -1  )
( 25  -41  -33  )
( -40  -31  -6  )
( 34  2  -12  )
( -14  -20  -21  )
( -13  -0  42  )
( 34  11  -4  )
( -28  -27  -4  )
( -12  19  40  )
( 29  22  -46  )
( 32  -15  8  )
( -0  -30  40  )
( 30  4  40  )
( 47  16  21  )
( -14  18  31  )
( -8  -16  -42  )
( -35  19  -10  )
( 25  -8  -19  )
( 15  -32  -16  )
( -4  5  -22  )
( 38  43  -49  )
( 36  -23  -33  )
( 46  7  11  )
( -3  41  -18  )
( 32  14  27  )
( -16  20  -49  )
( 18  27  -16  )
( -17  -22  11  )
( 17  10  -29  )
( -27  40  38  )
( -44  -46  49  )
( -37  -3  -8  )
( -4  -47  -10  )
( 20  -22  -19  )
( -33  -2  13  )
( 25  42  20  )
( -0  15  -4  )
( -15  27  -24  )
( 11  -18  -37  )
( 36  11  -33  )
( -47  41  43  )
( 36  -1  18  )
( -2  32  -43  )
( 39  27  25  )
( -38  25  8  )
( 24  27  21  )
( 45  -2  -32  )
( 34  14  13  )
( -30  13  6  )
( 30  -17  2  )
( -45  -40  28  )
( -1  25  -42  )
( 15  31  -25  )
( -3  -39  -26  )
( 38  -18  29  )
( -42  23  -32  )
( 49  -44  35  )
( -29  -46  26  )
( 20  -34  9  )
( 33  27  25  )
( 36  21  2  )
( -14  -2  34  )
( -20  21  -46  )
( 10  -29  -45  )
( -30  -21  -16  )
( 40  -49  -3  )
( -3  -1  -11  )
( -31  48  -19  )
( 33  2  18  )
( -6  -3  46  )
( 31  -47  46  )
( 41  31  -26  )
( 30  7  45  )
( -5  29  48  )
( -46  9  -41  )
( -19  27  -2  )
( -32  -0  11  )
( 18  27  11  )
