( 20  -5  -47  )
( -15  4  -21  )
( -12  -8  11  )
( -42  -4  18  )
( 49  -22  13  )
( 30  20  5  )
( 4  32  -16  )
( 2  -47  -26  )
( -20  -30  -31  )
( 21  -7  13  )
( 19  -23  34  )
( 12  -36  38  )
( 36  -24  37  )
( -30  20  16  )
( 6  5  40  )
( -15  16  -47  )
( 36  -3  30  )
( 5  -43  20  )
( 33  -8  47  )
( -30  -38  -8  )
( -4  -40  12  )
( 0  -19  -1  )
( 29  -34  -46  )
( 8  34  -0  )
( -14  -15  -29  )
( -21  23  11  )
( -13  -5  -7  )
( -41  27  -36  )
( -21  6  38  )
( -44  6  4  )
( 4  33  -40  )
( -30  47  -8  )
( -31  -5  32  )
( 24  12  -19  )
( 46  47  -27  )
( -31  29  0  )
( -45  14  19  )
( 29  -15  -13  )
( -0  33  -18  )
( 38  27  -47  )
( 31  27  34  )
( 41  9  -14  )
( -12  33  -4  )
( 19  -4  15  )
( 20  -8  -40  )
( -12  -31  -1  )
( -37  -1  -7  )
( -3  -11  -33  )
( 22  2  4  )
( 26  6  -32  )
( 42  -24  -18  )
( -2  -13  -42  )
( 27  33  -42  )
( -37  2  30  )
( 27  29  -13  )
( -25  27  40  )
( 32  -24  -34  )
( -38  -35  -47  )
( 21  14  28  )
( -22  -14  9  )
( -15  -2  -21  )
( 26  -19  2  )
( -2  -42  -24  )
( 16  -47  21  )
( 22  -7  -20  )
( 28  -14  -48  )
( 34  -29  -37  )
( -33  -36  5  )
( -30  -8  -28  )
( -12  -33  -45  )
( 46  -18  36  )
( -15  30  -16  )
( -6  27  -18  )
( -12  -36  20  )
( 1  44  6  )
( -20  -29  -17  )
( 31  10  34  )
( 13  -6  8  )
( 12  1  21  )
( 6  30  26  )
( 18  -8  -47  )
( 18  -13  15  )
( 14  -22  -49  )
( 18  -39  17  )
( 47  -16  10  )
( 1  31  11  )
( -27  30  38  )
( -40  1  39  )
( -1  37  21  )
( -13  -37  -45  )
( -21  39  -31  )
( 24  12  -9  )
( -14  5  22  )
( 42  15  -3  )
( -38  9  -12  )
( -48  -27  30  )
( -28  5  12  )
( -4  13  -41  )
( -46  -49  36  )
( -2  9  38  )
( -19  10  1  )
( 6  21  0  )
( 32  39  -21  )
( -49  39  -14  )
( -31  44  35  )
( 30  33  -45  )
( -28  -30  6  )
( 45  14  47  )
( 0  3  38  )
( -43  40  -33  )
( 27  16  -14  )
( -10  2  -40  )
( 32  25  38  )
( 2  40  -38  )
( -49  47  38  )
( -22  44  17  )
( -25  -38  -26  )
( -41  -37  -6  )
( 30  -36  -35  )
( -47  -8  -25  )
( -10  -34  -22  )
( 38  -44  42  )
( -43  23  7  )
( 7  -2  -36  )
( 12  -24  44  )
( 22  -1  -41  )
( 44  -30  46  )
( -45  37  14  )
( 9  15  -46  )
( 21  -27  22  )
( -45  19  20  )
( -41  6  -43  )
( -19  -18  -5  )
( -6  -42  -28  )
( -42  -31  -44  )
( 45  -1  -25  )
( 0  -11  -41  )
( 47  -30  43  )
( -11  31  41  )
( -47  49  9  )
( 16  19  14  )
( 20  -19  26  )
( 17  -3  46  )
( -27  -28  -16  )
( 37  -45  30  )
( -47  -33  2  )
( 7  3  0  )
( 28  -49  24  )
( -19  -33  25  )
( 7  47  -31  )
( 34  0  -25  )
( 48  41  11  )
( 7  -16  -37  )
( -8  -34  4  )
( 47  43  -49  )
( 39  -1  49  )
( -6  -22  17  )
( 26  42  21  )
( -40  -33  21  )
( -3  -36  30  )
( 7  -37  39  )
( 12  9  4  )
( 13  40  -9  )
( -23  -22  -34  )
( -22  25  -9  )
( -4  -41  2  )
( 10  -20  37  )
( -3  -24  -29  )
( -31  -34  -14  )
( -32  -4  -9  )
( -41  -11  -33  )
( -34  42  20  )
( -23  14  18  )
( -32  -41  21  )
( -32  -18  -25  )
( 8  -28  9  )
( 25  -32  29  )
( -20  10  18  )
( 3  28  15  )
( -22  -24  -10  )
( 35  -22  44  )
( -36  22  -9  )
( 21  -39  27  )
( -10  -44  37  )
( 9  18  34  )
( -6  44  -26  )
( -20  -9  -6  )
( -6  -21  37  )
( 43  37  -20  )
( -28  -23  -36  )
( 28  -32  -14  )
( 8  -25  -33  )
( 4  -33  -16  )
( -28  7  -35  )
( -49  42  44  )
( 45  31  3  )
( -43  0  -3  )
( -21  -4  -2  )
( 26  11  27  )
( -12  16  -35  )
( -48  18  -31  )
( 6  -9  -16  )
( 39  -8  -9  )
( -27  38  33  )
( -35  14  -38  )
( 44  -31  -9  )
( -48  -30  45  )
( 25  22  -23  )
( 45  -34  11  )
( -11  5  -49  )
( 2  36  20  )
( -29  -38  -45  )
( -42  -4  -29  )
