( -17  21  34  )
( 38  31  -19  )
( 19  -21  -12  )
( 22  -8  38  )
( 29  -9  -40  )
( -10  38  -14  )
( 25  8  33  )
( 23  14  6  )
( 36  25  29  )
( -7  -32  -37  )
( 0  4  40  )
( 0  38  46  )
( -41  37  -7  )
( -47  -31  33  )
( 6  8  4  )
( 15  20  -21  )
( 12  -8  33  )
( -14  -9  11  )
( 28  45  -44  )
( -5  -23  -0  )
( 29  -10  43  )
( 23  36  9  )
( 7  -24  -27  )
( 6  -39  -47  )
( 18  -10  2  )
( 14  25  24  )
( -35  6  -43  )
( -10  32  38  )
( -10  30  1  )
( -42  47  32  )
( -27  20  -23  )
( -14  -36  -24  )
( 3  39  25  )
( 21  11  -37  )
( 5  47  -21  )
( 12  18  -41  )
( -8  6  26  )
( -14  -32  9  )
( 9  8  10  )
( -47  22  6  )
( -2  42  -20  )
( 49  20  9  )
( -2  33  -39  )
( -22  -3  -5  )
( -44  34  -14  )
( 8  15  23  )
( 21  -44  31  )
( -19  -9  -38  )
( 19  18  -6  )
( 34  38  -10  )
( -22  -43  47  )
( 19  18  -39  )
( 6  -36  -9  )
( 35  -48  -0  )
( 21  -9  -30  )
( -20  36  -49  )
( 42  22  -12  )
( 18  45  -13  )
( -38  -17  1  )
( -24  37  -39  )
( -42  7  -30  )
( -4  -26  9  )
( -16  -10  48  )
( 41  46  14  )
( -26  -43  41  )
( -20  16  37  )
( -32  -45  29  )
( -11  -37  -42  )
( -43  -13  14  )
( -25  8  44  )
( 33  3  17  )
( -19  -40  17  )
( 40  25  -34  )
( 43  -29  -35  )
( 32  -49  -41  )
( 43  -12  -5  )
( 35  -28  36  )
( -17  -46  -47  )
( 16  -32  47  )
( -5  41  -1  )
( -24  -7  -39  )
( 24  -17  -49  )
( -42  29  39  )
( 11  39  2  )
( 39  -49  17  )
( -17  -29  41  )
( -25  -49  13  )
( -46  -9  -37  )
( -49  -37  14  )
( 23  -24  -13  )
( 14  -42  34  )
( 15  -21  42  )
( 24  -22  -5  )
( 1  -6  8  )
( -4  -3  -16  )
( -1  47  -37  )
( 30  -39  26  )
( 1  -12  -35  )
( 6  47  29  )
( -3  42  -8  )
( 17  4  -48  )
( 18  -43  27  )
( -3  -0  21  )
( -8  46  -25  )
( -26  -34  14  )
( -46  -12  3  )
( -4  27  -47  )
( -11  32  49  )
( -35  15  32  )
( -8  0  -20  )
( 49  -14  48  )
( -42  32  49  )
( -45  -44  10  )
( -15  -47  18  )
( -6  -24  -31  )
( 26  -4  -37  )
( -19  16  42  )
( -28  43  5  )
( 20  -5  -1  )
( -1  -49  2  )
( -35  5  13  )
( -42  -39  11  )
( -5  13  -39  )
( -24  12  -7  )
( 39  46  -40  )
( -11  24  -15  )
( -22  -4  -25  )
( -33  6  47  )
( 30  -36  -5  )
( 29  -48  2  )
( -34  33  10  )
( -28  38  6  )
( 13  45  -32  )
( 0  40  43  )
( 14  36  24  )
( -17  33  22  )
( 3  0  23  )
( -32  28  13  )
( -1  -46  -21  )
( -0  3  -36  )
( 25  -4  -16  )
( 46  27  -19  )
( 48  8  -34  )
( -10  -8  21  )
( -4  -7  16  )
( 4  1  13  )
( -1  -37  -36  )
( 23  -0  -47  )
( -14  -13  17  )
( -49  -22  -12  )
( 14  -15  -34  )
( -4  -12  -43  )
( -19  -27  -45  )
( -48  -4  22  )
( 42  34  43  )
( 18  -24  44  )
( 42  23  -13  )
( -33  -32  43  )
( -42  -46  -31  )
( 33  -39  45  )
( -42  11  -22  )
( -22  1  2  )
( 35  39  -6  )
( 38  46  -21  )
( 49  6  -17  )
( -12  -31  -9  )
( -23  -9  -18  )
( 36  11  -47  )
( 49  -1  40  )
( 9  -27  46  )
( 10  33  -4  )
( -29  2  21  )
( 48  -27  -14  )
( 34  -25  8  )
( -28  -31  0  )
( -42  27  -25  )
( -14  -36  8  )
( -3  33  -13  )
( -37  -2  3  )
( 23  35  34  )
( -11  -34  -6  )
( 41  38  32  )
( -39  -23  -45  )
( -13  30  12  )
( -48  -29  -2  )
( -1  4  -12  )
( -0  -17  37  )
( 17  22  -11  )
( 20  -39  -3  )
( -8  -10  37  )
( -7  -29  -5  )
( -9  43  -22  )
( 34  -8  39  )
( 27  22  8  )
( -24  -28  -30  )
( 45  -28  37  )
( -44  -0  45  )
( -26  21  -9  )
( 0  5  -14  )
( 13  5  -17  )
( -30  -47  -29  )
( 8  -7  -24  )
( 45  0  -13  )
( 18  6  9  )
( 25  -40  10  )
( 32  -1  -8  )
( 48  7  10  )
( -9  -39  32  )
( 47  -1  -7  )
( -33  26  -38  )
( -25  -31  -3  )
( 17  -15  -49  )
( -31  35  -14  )
