( 15  10  33  )
( 45  -12  -47  )
( 34  10  30  )
( -13  21  -30  )
( 15  -9  8  )
( 37  -39  13  )
( -49  -27  -24  )
( 28  -16  -29  )
( -49  -21  -40  )
( 17  -29  -32  )
( 36  24  -32  )
( 4  36  -40  )
( -32  12  -44  )
( 31  49  43  )
( -20  17  -30  )
( -25  44  41  )
( -25  43  -31  )
( 22  18  13  )
( -25  21  41  )
( 0  -25  -29  )
( -0  -14  -30  )
( 13  39  -37  )
( -38  -42  45  )
( -34  19  8  )
( 40  49  8  )
( 31  16  -36  )
( -29  -40  -44  )
( 20  33  1  )
( 45  27  18  )
( -13  6  -3  )
( -49  -40  -25  )
( 27  44  39  )
( -29  27  -42  )
( -47  19  11  )
( 15  -0  -29  )
( -48  1  -33  )
( -49  23  -24  )
( -35  34  -0  )
( 36  18  46  )
( 8  -13  -22  )
( -42  -44  10  )
( 43  -28  48  )
( -0  -18  -46  )
( 13  37  9  )
( 44  -29  27  )
( 23  12  44  )
( 37  16  -23  )
( -33  47  3  )
( 1  45  11  )
( -13  28  -20  )
( 29  10  16  )
( 19  -8  37  )
( -23  -34  -33  )
( -47  -21  29  )
( 35  2  -8  )
( -15  14  10  )
( -36  28  7  )
( -15  -30  47  )
( 47  40  -23  )
( 17  -14  -49  )
( 25  -44  -23  )
( -39  26  -28  )
( 9  -6  -38  )
( 20  43  -40  )
( -18  -7  38  )
( 35  6  28  )
( 34  -8  49  )
( -4  40  36  )
( -44  -26  -28  )
( 26  17  -48  )
( -12  -7  -40  )
( -36  -13  10  )
( -17  42  29  )
( -3  -23  -33  )
( 43  -47  -29  )
( -32  -41  7  )
( -20  37  -47  )
( -26  10  -48  )
( -46  16  33  )
( 16  -40  4  )
( 19  8  40  )
( 12  -43  -44  )
( 38  2  -3  )
( -8  -43  18  )
( -49  11  37  )
( -15  0  19  )
( -22  14  44  )
( 17  -14  -23  )
( -24  -9  -11  )
( 25  38  -11  )
( -6  16  26  )
( 38  0  46  )
( 45  28  -15  )
( -10  -31  -2  )
( -18  -48  38  )
( 24  19  -22  )
( -35  49  27  )
( 28  -10  -14  )
( 45  -19  40  )
( 13  10  -38  )
( 36  18  -35  )
( -14  34  -15  )
( -25  36  -47  )
( 48  -13  -18  )
( 5  41  2  )
( 18  -19  21  )
( 8  11  -44  )
( -1  -11  10  )
( -45  6  -24  )
( 33  -42  -23  )
( -22  39  -4  )
( 48  -21  46  )
( 7  -13  -27  )
( -12  -2  25  )
( 9  30  -49  )
( -40  -15  -2  )
( 44  -35  5  )
( -11  -37  -16  )
( 4  16  -11  )
( -11  -12  -27  )
( -29  -44  23  )
( -10  -46  19  )
( -37  -13  17  )
( -35  -38  -29  )
( 35  17  -10  )
( -41  30  -43  )
( -47  6  -5  )
( -48  -13  26  )
( 42  -10  -9  )
( 33  20  -37  )
( 2  -12  42  )
( 38  40  35  )
( -20  -22  32  )
( -28  41  16  )
( -29  2  -24  )
( -34  2  -4  )
( -30  -45  -39  )
( -41  11  25  )
( -12  -11  -38  )
( 37  19  45  )
( -49  -26  -24  )
( 21  -9  41  )
( 5  -1  24  )
( -26  13  -11  )
( 31  15  37  )
( 21  -22  -35  )
( 47  25  -10  )
( -16  5  10  )
( -23  24  43  )
( -19  49  12  )
( 31  -36  -47  )
( -35  -33  -41  )
( 38  2  -3  )
( -28  -36  5  )
( 6  49  46  )
( -36  33  -24  )
( -8  0  37  )
( -41  -21  -20  )
( -3  37  -5  )
( 37  41  -21  )
( -22  2  -23  )
( -28  -34  1  )
( 22  -15  -31  )
( -46  10  -9  )
( -0  49  18  )
( -49  -18  29  )
( -19  -48  -1  )
( -21  -38  -26  )
( 9  7  39  )
( -0  25  -2  )
( -40  -29  -32  )
( -11  -27  -25  )
( -8  -48  -32  )
( 15  -7  -2  )
( 46  4  15  )
( -39  14  -1  )
( -17  -33  -3  )
( 42  -43  -16  )
( -1  -41  44  )
( -16  -45  -19  )
( 45  -3  33  )
( 45  -25  18  )
( -42  -16  22  )
( 19  22  31  )
( 46  -13  16  )
( 3  46  8  )
( 26  -2  -27  )
( 0  -22  -43  )
( 25  -4  -44  )
( 44  35  -24  )
( -26  34  -16  )
( 12  39  29  )
( 17  24  8  )
( 27  -21  -28  )
( -3  -25  20  )
( 3  -9  -21  )
( -18  23  -16  )
( 39  42  10  )
( 16  6  47  )
( 43  -48  6  )
( 0  -20  -12  )
( -4  12  36  )
( 3  -15  27  )
( -20  0  -36  )
( 44  32  -13  )
( 45  -30  -41  )
( 1  6  20  )
( 18  11  -38  )
( -5  6  -15  )
( 43  -34  -31  )
( 0  5  -34  )
( 16  7  -38  )
( 26  40  -46  )
