( 42  -10  43  )
( 21  38  -4  )
( -14  1  5  )
( 30  2  -7  )
( -43  -17  47  )
( 6  -8  -45  )
( -6  17  9  )
( -49  19  -13  )
( 3  -36  -39  )
( -30  21  -48  )
( 7  22  24  )
( 20  23  3  )
( 41  -17  -30  )
( 6  -40  2  )
( -10  7  -5  )
( 20  -32  40  )
( 11  20  -17  )
( 48  -4  -38  )
( 43  4  13  )
( -2  29  27  )
( 2  -41  5  )
( -35  -4  -17  )
( 38  8  33  )
( 41  -43  -21  )
( 15  -30  34  )
( 45  -8  -9  )
( 24  -4  -23  )
( -16  15  -48  )
( -18  10  49  )
( 45  47  23  )
( 7  33  -12  )
( -2  -13  11  )
( 29  4  -24  )
( -18  -43  -1  )
( -5  -24  0  )
( -3  36  24  )
( 31  47  28  )
( -26  -32  21  )
( 39  -48  -37  )
( -43  -28  36  )
( -19  29  7  )
( -4  -48  -13  )
( 3  -16  -27  )
( 38  22  -18  )
( -20  32  36  )
( -40  -49  7  )
( -49  -44  -17  )
( 34  -47  -28  )
( -5  -32  14  )
( -17  -20  45  )
( -42  19  -17  )
( 41  33  6  )
( -47  49  -43  )
( -15  -12  1  )
( 39  40  -7  )
( 24  -34  11  )
( 47  -12  19  )
( -18  -10  -47  )
( -20  19  28  )
( -25  43  28  )
( -24  -37  39  )
( -1  -25  -3  )
( -19  -30  37  )
( 38  30  24  )
( -23  35  -49  )
( -10  -24  -49  )
( 27  -7  -16  )
( -14  -49  18  )
( -43  -30  -20  )
( 8  21  15  )
( 20  -45  3  )
( -23  -32  27  )
( 0  -28  34  )
( 43  13  -20  )
( -30  -12  37  )
( -44  35  -13  )
( 31  -12  -1  )
( -30  4  14  )
( 47  9  -8  )
( -26  38  -15  )
( -7  35  29  )
( 48  -2  35  )
( -29  -6  -40  )
( 22  -11  24  )
( -42  10  19  )
( 16  19  -15  )
( 10  -23  -3  )
( -11  16  -47  )
( 2  11  4  )
( -36  23  27  )
( 46  24  6  )
( -27  44  -24  )
( -27  44  -40  )
( -44  -0  -19  )
( 12  26  20  )
( -40  14  47  )
( 42  -24  6  )
( 24  -14  21  )
( 6  -40  26  )
( 3  26  -13  )
( 21  -19  -12  )
( -38  43  -42  )
( 15  -5  11  )
( 7  -5  27  )
( -43  10  -0  )
( 42  -22  30  )
( 17  39  -47  )
( -13  -46  49  )
( 8  23  -2  )
( 34  -6  -44  )
( 17  -8  -23  )
( -4  -2  14  )
( 22  16  -48  )
( -13  17  -35  )
( -16  -29  -2  )
( -46  35  -18  )
( 20  6  29  )
( -7  16  39  )
( -3  -6  -5  )
( 24  -41  -29  )
( -0  -31  -47  )
( 23  -29  7  )
( -41  16  -46  )
( 41  22  29  )
( -12  -29  21  )
( 4  27  13  )
( -26  -11  -49  )
( -31  -39  -23  )
( 28  30  5  )
( 16  12  -8  )
( 9  -19  18  )
( 39  45  13  )
( 26  -46  17  )
( -6  8  -19  )
( 24  13  16  )
( 8  35  -24  )
( -19  43  47  )
( -7  31  -17  )
( 18  -29  -37  )
( 29  49  0  )
( 15  -30  42  )
( 49  23  47  )
( -30  47  22  )
( -30  49  -39  )
( -6  4  -2  )
( -3  -32  10  )
( 46  -11  41  )
( -17  47  -28  )
( 32  -35  37  )
( 16  -9  39  )
( -22  -46  -21  )
( -39  44  -31  )
( -14  15  47  )
( -12  -22  36  )
( -23  18  -13  )
( -37  -48  43  )
( -1  33  -19  )
( -26  -9  -27  )
( 18  5  8  )
( -34  -9  -4  )
( 13  12  27  )
( -11  42  -39  )
( 11  19  -34  )
( 3  -18  6  )
( 19  -4  3  )
( 10  -36  40  )
( -23  8  18  )
( -49  37  -32  )
( 23  -12  1  )
( 24  17  -48  )
( -37  8  34  )
( -42  49  8  )
( 36  -1  3  )
( -19  8  -33  )
( 8  -31  40  )
( 46  49  30  )
( 27  17  -41  )
( -29  -1  -34  )
( -17  32  25  )
( -13  26  -1  )
( 12  -44  -33  )
( 9  -13  10  )
( 26  -22  16  )
( 45  41  37  )
( -49  -35  -7  )
( -7  10  17  )
( 38  28  -42  )
( -28  35  -23  )
( -40  26  -9  )
( 39  22  -2  )
( -40  28  23  )
( -3  21  -43  )
( 31  7  12  )
( -41  -14  -3  )
( -49  -36  11  )
( 31  -24  -10  )
( 5  -46  -31  )
( -24  -9  46  )
( -10  26  -21  )
( 40  27  21  )
( 45  37  21  )
( -3  -8  -38  )
( 22  -17  4  )
( 43  17  34  )
( -16  -3  -34  )
( -3  -49  -6  )
( 35  14  49  )
( -23  19  24  )
( -16  -1  -47  )
( 0  45  5  )
( 3  -6  20  )
( 37  -40  -23  )
( 43  -46  -20  )
