( 22  1  26  )
( -6  37  -4  )
( -37  -25  15  )
( 15  3  -12  )
( -29  8  2  )
( 15  -36  9  )
( -39  -47  3  )
( -40  36  28  )
( 0  19  -1  )
( 9  -5  21  )
( 33  49  -6  )
( -41  16  -1  )
( 35  -42  -19  )
( -47  -48  37  )
( -12  8  -18  )
( -0  -19  -4  )
( -42  40  5  )
( 21  -25  -23  )
( 32  -25  6  )
( 40  46  -0  )
( -34  45  46  )
( -36  27  -7  )
( -14  19  -33  )
( -4  -46  -43  )
( 45  33  -13  )
( 1  -20  4  )
( -36  -30  15  )
( 35  43  10  )
( -1  -14  -22  )
( -47  -49  -25  )
( -43  2  -26  )
( 8  -10  33  )
( -29  -20  -2  )
( -42  36  -45  )
( 42  -7  9  )
( 49  -17  -48  )
( -7  21  -28  )
( -25  -26  34  )
( -27  -33  -3  )
( 38  -6  15  )
( -17  41  -33  )
( 35  39  -31  )
( -14  -31  41  )
( -15  30  -16  )
( 17  -11  36  )
( 46  10  13  )
( -18  39  24  )
( -6  44  40  )
( -33  -46  -29  )
( 24  15  21  )
( -23  48  24  )
( -13  -37  -46  )
( 41  -10  26  )
( 23  43  12  )
( 13  6  14  )
( 24  44  -0  )
( 34  13  8  )
( -18  37  34  )
( 18  36  28  )
( 28  2  48  )
( 10  15  40  )
( -4  22  -5  )
( 44  -48  -38  )
( -2  -5  -25  )
( -48  30  3  )
( 41  -24  -13  )
( 9  45  -8  )
( -34  12  -17  )
( -30  23  2  )
( 6  -11  1  )
( -25  -38  1  )
( 37  23  -10  )
( -25  14  19  )
( 11  -6  28  )
( 46  -11  -28  )
( -20  -33  -49  )
( -5  7  -37  )
( 47  13  -1  )
( -35  31  -32  )
( 1  19  39  )
( 49  -23  -4  )
( -16  -30  25  )
( -29  -41  -49  )
( 31  32  -5  )
( 20  40  37  )
( -48  41  -24  )
( 38  -30  10  )
( 10  -40  -30  )
( -25  37  23  )
( 34  5  -6  )
( -35  31  29  )
( -1  39  -25  )
( 1  -15  -47  )
( -4  19  8  )
( -20  -15  45  )
( -42  29  24  )
( 5  -2  -37  )
( 21  -49  26  )
( -39  -1  -34  )
( -49  14  25  )
( -39  11  -7  )
( 31  -14  -45  )
( 38  4  -25  )
( -38  -14  -4  )
( -21  49  17  )
( -15  -10  -49  )
( -39  29  35  )
( 22  2  8  )
( -47  -32  -14  )
( 20  -46  49  )
( 0  1  48  )
( 1  8  43  )
( -37  16  20  )
( 10  -16  46  )
( 19  42  -17  )
( -17  21  34  )
( -35  41  -44  )
( 32  -3  37  )
( -2  49  5  )
( 43  -6  10  )
( -25  -22  -45  )
( 8  -6  -5  )
( 6  14  -19  )
( 8  -22  34  )
( 0  10  30  )
( 11  -4  -6  )
( -15  13  -23  )
( -32  29  48  )
( -28  25  -41  )
( -29  49  2  )
( 9  -49  40  )
( 4  -5  8  )
( 3  41  14  )
( -38  11  -23  )
( -7  4  5  )
( -14  -49  36  )
( -8  3  -43  )
( -41  12  4  )
( -41  37  -13  )
( -11  46  47  )
( -34  -8  -3  )
( 29  3  13  )
( 7  -38  -47  )
( -10  20  17  )
( -10  7  32  )
( 16  -46  -45  )
( 8  3  -29  )
( -31  -34  7  )
( -45  -41  -22  )
( -44  24  -23  )
( 49  47  46  )
( -6  -9  1  )
( -29  40  34  )
( 32  39  15  )
( 22  18  29  )
( -36  -0  -27  )
( 37  -16  -44  )
( -33  -37  -39  )
( -33  -18  -24  )
( -13  25  32  )
( -18  -7  26  )
( -14  -45  -27  )
( 30  22  11  )
( 23  17  -35  )
( 22  29  24  )
( 18  20  -43  )
( 42  43  41  )
( 13  -33  31  )
( 9  34  -28  )
( -49  31  3  )
( 40  -41  32  )
( -21  8  -20  )
( 26  -24  -16  )
( 23  42  18  )
( -46  14  -38  )
( -14  29  -31  )
( -27  24  -33  )
( 8  -7  -28  )
( -48  46  -43  )
( -24  -35  20  )
( 17  29  30  )
( -43  -46  -11  )
( 20  -15  -6  )
( -17  -21  -45  )
( 5  -7  -11  )
( -28  -8  -5  )
( -2  -40  -23  )
( 14  15  1  )
( -3  -47  -6  )
( -27  -25  -29  )
( 17  -32  40  )
( 7  -21  -25  )
( 23  40  38  )
( 2  -38  -46  )
( -43  -1  36  )
( -29  -28  1  )
( 12  -49  -31  )
( -36  9  44  )
( -6  37  -9  )
( -2  -29  -13  )
( -27  -7  -35  )
( 17  40  -9  )
( -37  41  -39  )
( 14  15  42  )
( -42  41  10  )
( 26  -31  -5  )
( 26  38  -12  )
( -29  -18  -30  )
( -45  31  -25  )
( 48  42  0  )
( -33  38  37  )
( -18  -32  0  )
( 22  42  -23  )
