( 36  -46  -38  )
( -25  -21  -33  )
( -12  -30  36  )
( 42  -15  -27  )
( 8  1  -39  )
( -16  19  -27  )
( 16  -19  3  )
( 5  43  41  )
( 23  6  43  )
( 6  -46  38  )
( -40  -11  -0  )
( -43  41  -0  )
( -29  0  -8  )
( -13  48  11  )
( 12  -21  4  )
( 20  -40  13  )
( -38  0  25  )
( -28  37  29  )
( 3  15  -4  )
( 25  -43  -4  )
( -15  -45  -17  )
( 37  36  28  )
( -10  -49  -34  )
( 14  -30  15  )
( -5  -12  18  )
( 28  27  -30  )
( 45  -28  -18  )
( -43  31  21  )
( -16  -31  2  )
( -23  -49  -34  )
( -33  -5  1  )
( 40  18  -2  )
( -1  -49  14  )
( 40  -3  29  )
( 24  12  43  )
( -39  -44  -30  )
( 17  -31  -23  )
( -49  -28  -3  )
( -10  -18  -32  )
( 31  46  -21  )
( 20  -30  -48  )
( 41  -34  -20  )
( -31  45  8  )
( 17  -46  45  )
( 27  -2  9  )
( 36  -40  46  )
( -49  -27  -36  )
( 3  -44  21  )
( -29  -23  -10  )
( 32  21  -33  )
( -23  -31  27  )
( 1  -18  -4  )
( 30  39  -37  )
( 23  -35  -36  )
( -22  -14  49  )
( 19  -7  -14  )
( -39  -42  31  )
( 14  25  -4  )
( 3  9  -25  )
( 31  40  -10  )
( 16  24  41  )
( -26  -17  -48  )
( 30  43  41  )
( 28  -29  7  )
( -0  37  4  )
( 3  -15  -49  )
( -8  -1  26  )
( -47  24  8  )
( -12  -16  43  )
( -42  -43  -40  )
( -13  -21  31  )
( -29  -47  -12  )
( -14  -41  11  )
( 1  15  7  )
( -2  -0  -29  )
( 44  -26  16  )
( 21  41  -45  )
( -38  45  -10  )
( 21  -45  28  )
( 0  -3  45  )
( 11  -34  -45  )
( 17  -49  22  )
( 44  -17  -20  )
( -13  -17  4  )
( -8  -49  -32  )
( 24  -46  -33  )
( 7  -3  28  )
( -8  -6  32  )
( -16  -44  33  )
( 44  40  21  )
( 2  -45  25  )
( 3  21  31  )
( 18  30  -29  )
( 18  49  -9  )
( 34  -3  0  )
( -10  -16  37  )
( -0  -36  -2  )
( -34  14  33  )
( 39  44  30  )
( -25  0  -13  )
( -30  12  -44  )
( -44  31  -24  )
( 39  -15  -48  )
( 47  4  41  )
( -48  30  3  )
( 23  14  -19  )
( -33  5  9  )
( 5  6  11  )
( -2  -45  -30  )
( -45  13  41  )
( 46  7  12  )
( 28  -4  -23  )
( 24  18  -38  )
( -45  -13  3  )
( -33  46  16  )
( 21  48  -25  )
( -19  39  -10  )
( 17  -42  31  )
( 48  24  42  )
( 28  -15  9  )
( 45  13  -23  )
( 25  42  -28  )
( 9  6  -49  )
( 30  28  31  )
( 17  38  -37  )
( 48  -40  4  )
( 49  -6  -30  )
( -24  -7  -43  )
( 24  15  -26  )
( 49  31  -38  )
( 23  7  -11  )
( 16  19  -21  )
( 0  -31  11  )
( 23  21  -7  )
( 23  -29  27  )
( 15  8  40  )
( 21  -12  19  )
( -18  -16  -49  )
( -42  -44  -29  )
( 2  -11  17  )
( 28  26  -44  )
( 44  -14  6  )
( -46  -26  -33  )
( 35  -26  9  )
( -41  26  -38  )
( -13  -44  -41  )
( -21  36  -13  )
( -18  -1  26  )
( 23  4  36  )
( 17  16  -42  )
( 46  23  13  )
( -42  -18  16  )
( -16  5  47  )
( 25  -6  22  )
( -49  43  23  )
( -35  25  24  )
( 2  -13  0  )
( -7  -25  29  )
( 38  -1  -35  )
( -47  -18  40  )
( 34  37  32  )
( 14  37  -24  )
( -41  -46  39  )
( 46  34  -35  )
( -49  21  15  )
( 0  -28  6  )
( 26  -46  -38  )
( -21  -45  48  )
( -17  -8  -39  )
( 14  -19  -5  )
( -42  -40  35  )
( -18  -5  9  )
( -47  -30  10  )
( 35  34  -31  )
( -34  15  -18  )
( -15  -30  45  )
( 14  12  31  )
( 22  28  38  )
( -1  23  -48  )
( 4  -2  15  )
( 40  33  -1  )
( -16  -48  -32  )
( 41  36  14  )
( 41  -8  -6  )
( -2  27  43  )
( -45  42  49  )
( 47  0  25  )
( 35  -41  49  )
( -34  -0  30  )
( 14  31  27  )
( -21  -19  36  )
( -22  -49  -35  )
( -33  -14  42  )
( -3  -47  45  )
( 11  44  18  )
( 49  43  -35  )
( -48  -34  -24  )
( -40  29  -10  )
( 8  25  30  )
( -20  -43  -48  )
( -47  -34  -0  )
( 42  23  -35  )
( 26  5  37  )
( 39  -20  -46  )
( 28  -46  -36  )
( 16  -1  34  )
( -26  -44  28  )
( -1  28  -16  )
( 44  -17  39  )
( -36  -32  -23  )
( 48  -42  -27  )
( -23  43  -44  )
( -15  -42  -30  )
