( 49  31  10  )
( -13  28  25  )
( 15  -41  29  )
( 46  39  37  )
( 47  7  40  )
( -12  9  -31  )
( 6  -44  -8  )
( 26  20  48  )
( -41  -12  -39  )
( 33  -16  -27  )
( -5  29  19  )
( 1  2  -23  )
( -11  13  -45  )
( 7  39  -45  )
( -23  -28  -20  )
( 27  11  0  )
( 41  -6  -3  )
( 26  -8  -0  )
( -5  -31  0  )
( 38  -1  -12  )
( -16  -17  2  )
( -14  46  7  )
( 48  -9  45  )
( -2  -34  44  )
( -47  -28  40  )
( 11  21  39  )
( 32  14  -46  )
( 39  31  13  )
( -9  -26  -48  )
( -32  -23  39  )
( -36  -0  42  )
( -26  -2  -31  )
( 22  20  -13  )
( 34  14  -3  )
( -7  1  -11  )
( 14  -37  -44  )
( -26  -47  3  )
( 13  36  39  )
( -3  13  4  )
( -8  -6  -41  )
( -43  -48  -37  )
( 44  -49  21  )
( -45  14  -3  )
( 41  -15  38  )
( 45  4  39  )
( -11  -46  16  )
( -13  -45  -30  )
( -24  39  -18  )
( -11  -8  -49  )
( 38  -34  45  )
( -49  25  17  )
( -45  -3  -39  )
( 27  45  -49  )
( -12  -11  -42  )
( -22  -18  3  )
( -49  27  7  )
( -6  -18  -36  )
( -6  -13  -29  )
( 44  -26  -48  )
( 42  -4  -41  )
( 14  -23  7  )
( -17  -41  11  )
( 36  -10  34  )
( 2  25  47  )
( -29  1  -46  )
( 19  23  21  )
( -45  -44  -9  )
( -48  -27  -8  )
( 37  -34  -36  )
( -2  41  39  )
( -38  -26  -27  )
( 22  -5  -35  )
( 42  20  24  )
( 27  44  -8  )
( 6  4  -23  )
( -48  -41  -35  )
( 13  -36  -24  )
( 41  3  18  )
( -27  -8  22  )
( 30  32  -9  )
( -24  -48  -30  )
( -21  -6  49  )
( 19  18  22  )
( 45  13  6  )
( 15  -48  -40  )
( 2  18  -32  )
( -9  19  4  )
( -23  -15  -13  )
( -4  9  13  )
( -35  -43  15  )
( -36  40  27  )
( -2  3  13  )
( 39  7  38  )
( 48  -34  -41  )
( 22  -25  28  )
( -10  -17  44  )
( 34  -22  -41  )
( -32  -25  20  )
( -30  2  -9  )
( -31  -32  -37  )
( -27  -6  -16  )
( -2  5  37  )
( 5  46  47  )
( -32  -42  3  )
( -0  36  32  )
( 27  33  -20  )
( 47  19  -5  )
( 45  2  -46  )
( -3  16  34  )
( -9  34  0  )
( 2  -31  -11  )
( 17  34  -26  )
( -42  38  -20  )
( 28  14  -46  )
( 34  -19  22  )
( 38  49  43  )
( 7  -49  -41  )
( 16  46  -41  )
( 0  -19  47  )
( -36  8  -39  )
( -39  14  -17  )
( -23  44  32  )
( 26  -7  -43  )
( -3  18  -23  )
( -30  -22  25  )
( -19  -37  32  )
( 22  27  -46  )
( 16  49  -42  )
( 27  15  29  )
( -28  -3  -29  )
( -20  -3  -2  )
( 29  42  17  )
( 9  -24  21  )
( 6  -20  -2  )
( 13  -8  -7  )
( -29  11  1  )
( -26  -28  -9  )
( 5  -3  -24  )
( -39  15  37  )
( -7  30  22  )
( 41  21  35  )
( -17  -24  -16  )
( -49  37  16  )
( -44  40  -34  )
( 17  -45  -32  )
( -1  -15  36  )
( 40  34  -12  )
( 33  46  35  )
( 20  -48  0  )
( -5  3  -20  )
( 48  -41  43  )
( -35  -17  40  )
( 20  36  30  )
( 11  6  43  )
( -15  46  17  )
( 35  -38  -23  )
( -1  -10  34  )
( -22  -29  31  )
( 4  17  13  )
( 45  -14  -11  )
( 12  -10  36  )
( -34  -26  2  )
( -35  16  9  )
( -18  37  -6  )
( 34  -29  -35  )
( 35  -33  32  )
( 26  49  -18  )
( -40  11  33  )
( -0  7  -47  )
( -21  -49  23  )
( -28  14  -38  )
( -42  39  47  )
( -42  7  45  )
( -32  -14  3  )
( 45  -31  38  )
( 30  -20  -46  )
( 5  -32  -47  )
( 19  23  -1  )
( 36  -31  -27  )
( -26  -10  -11  )
( 10  -38  -23  )
( 31  9  29  )
( 5  -31  27  )
( -6  13  35  )
( 32  15  41  )
( 27  -18  6  )
( 21  -27  -32  )
( -26  -47  -14  )
( 28  -4  -9  )
( 16  -1  -37  )
( 44  6  1  )
( -7  -29  -31  )
( 23  42  -0  )
( -14  -6  28  )
( -43  37  -6  )
( 49  -20  27  )
( -43  45  -34  )
( 45  -32  -17  )
( 21  -5  31  )
( 11  31  27  )
( -31  -22  -49  )
( -29  25  45  )
( 33  30  47  )
( -32  -40  -35  )
( -32  44  1  )
( -35  -3  -29  )
( -43  3  28  )
( -28  25  22  )
( -17  13  -49  )
( 44  -18  -25  )
( -26  45  39  )
( 14  -21  -41  )
( -28  22  -24  )
