( -4  -1  -11  )
( 16  -40  0  )
( 26  -23  -15  )
( -45  -35  -49  )
( 15  16  -45  )
( -25  -5  20  )
( -9  2  -38  )
( -42  34  -11  )
( -29  26  -38  )
( -36  23  43  )
( 30  -5  -8  )
( 14  18  -33  )
( -20  17  -48  )
( -26  25  8  )
( -24  20  -37  )
( -44  -43  -41  )
( -32  9  20  )
( 1  -0  -35  )
( -34  -22  -20  )
( 15  24  25  )
( -18  11  5  )
( 14  17  34  )
( 14  -22  33  )
( -46  8  -35  )
( -22  26  13  )
( -33  -16  -23  )
( -8  -9  25  )
( -16  -7  40  )
( 28  -30  -33  )
( 32  -28  20  )
( -36  38  -31  )
( -33  15  -4  )
( 26  -19  -40  )
( -32  -10  -20  )
( -6  -16  11  )
( 0  16  3  )
( -43  -28  24  )
( 11  18  33  )
( 10  -44  -17  )
( -22  47  -41  )
( 32  -48  12  )
( -41  -15  13  )
( 21  6  22  )
( 18  -7  -17  )
( -28  -12  -11  )
( 8  -6  -15  )
( -48  -16  -49  )
( 46  -45  35  )
( 7  23  30  )
( 7  -33  5  )
( -6  -30  31  )
( 5  44  33  )
( -17  -22  -23  )
( -48  33  9  )
( 26  15  39  )
( 14  28  -10  )
( 29  -23  14  )
( 38  -32  34  )
( -14  -33  -47  )
( 49  32  -3  )
( 41  -1  21  )
( -1  -43  36  )
( 25  -31  -46  )
( -43  -15  0  )
( 23  -25  -28  )
( -39  23  6  )
( 1  42  26  )
( -5  2  1  )
( -32  -9  13  )
( 42  1  40  )
( 13  25  -18  )
( 22  -32  16  )
( 42  6  -14  )
( 30  -12  -27  )
( 17  -22  -31  )
( -49  -5  -6  )
( 9  -35  23  )
( -45  -49  -48  )
( 3  -42  46  )
( 21  -3  -2  )
( 4  19  8  )
( 46  -44  -47  )
( 6  7  -27  )
( -8  -14  -28  )
( -4  -18  37  )
( -5  -7  21  )
( 9  19  -30  )
( 16  -20  -40  )
( 37  2  -6  )
( -9  -6  -15  )
( 15  -41  -45  )
( 18  3  -2  )
( -14  -48  -24  )
( -26  48  -13  )
( -47  15  -3  )
( 6  -34  45  )
( 36  41  11  )
( 20  -15  27  )
( 27  19  16  )
( -30  -38  -35  )
( 35  -6  -34  )
( 39  17  7  )
( -13  -26  8  )
( -32  12  -3  )
( -35  48  -30  )
( 16  32  19  )
( 30  11  2  )
( -21  46  -33  )
( -38  -5  47  )
( -10  32  -34  )
( 40  12  47  )
( -4  -0  -1  )
( -16  -37  35  )
( 42  -36  -30  )
( 21  45  -33  )
( 26  -4  -3  )
( 6  -4  21  )
( -49  -33  -38  )
( 42  9  -49  )
( 6  -37  16  )
( -25  34  5  )
( -43  -18  -3  )
( 10  41  8  )
( -14  45  -16  )
( -5  46  10  )
( -18  14  -49  )
( -24  -1  5  )
( -37  -14  47  )
( 20  -12  39  )
( 45  37  -17  )
( -41  0  47  )
( -12  -49  20  )
( 16  -34  -40  )
( 31  -22  -19  )
( 14  33  -13  )
( -6  -47  21  )
( -21  38  32  )
( -13  46  -29  )
( -25  -6  -42  )
( -9  41  -13  )
( 36  -39  -25  )
( 41  -32  -36  )
( 18  29  -9  )
( -17  -35  -29  )
( 27  -31  0  )
( -18  -32  20  )
( -11  -6  32  )
( -31  18  20  )
( 27  -13  -6  )
( 2  -1  14  )
( 43  -42  -49  )
( 48  37  31  )
( 10  -21  -32  )
( -14  22  -4  )
( 28  18  -27  )
( 17  22  41  )
( -11  13  26  )
( -4  10  6  )
( 37  7  24  )
( 37  -30  -24  )
( 24  -15  -46  )
( -37  -1  -7  )
( -8  31  -14  )
( 35  1  17  )
( -44  -45  -9  )
( -23  43  -39  )
( -44  39  -19  )
( 32  35  -26  )
( -34  49  -31  )
( -7  9  -34  )
( 1  -2  -45  )
( -35  14  -28  )
( -6  -47  -22  )
( 31  25  48  )
( 43  37  -31  )
( 30  -1  -48  )
( 0  13  -29  )
( -48  -37  20  )
( -0  16  -26  )
( -36  -6  37  )
( 25  47  -9  )
( 46  -38  -23  )
( 21  5  2  )
( -0  -19  -28  )
( -29  36  11  )
( 10  -0  -49  )
( -2  14  -16  )
( 37  29  38  )
( -18  -29  -8  )
( -23  14  -18  )
( -21  -31  -36  )
( 36  -47  -1  )
( -25  6  27  )
( -37  7  -39  )
( 40  -3  -7  )
( -25  34  49  )
( 29  -12  -26  )
( -38  -2  22  )
( 30  21  38  )
( 42  -44  25  )
( 16  49  -28  )
( 37  -12  -46  )
( 22  48  10  )
( 17  -37  -42  )
( 36  -35  25  )
( -2  11  23  )
( -44  2  43  )
( 10  -39  24  )
( -24  -18  6  )
( -2  -41  22  )
( -21  27  -47  )
( 19  -27  -4  )
( -6  -22  23  )
