( 15  -17  -26  )
( -23  -5  -28  )
( 8  -32  9  )
( -23  -24  -35  )
( 27  8  -42  )
( 15  -20  26  )
( -48  -23  17  )
( 8  -27  17  )
( 45  -13  -48  )
( -21  4  -11  )
( -18  15  26  )
( 35  9  31  )
( -37  -14  -43  )
( -46  20  -43  )
( 46  -12  33  )
( -11  42  -41  )
( 22  41  -4  )
( -30  -40  -28  )
( 1  6  -26  )
( -13  -27  -47  )
( 40  -42  23  )
( -24  -38  -29  )
( -19  20  -0  )
( -15  -8  -6  )
( 9  -47  4  )
( -49  10  -48  )
( 49  -46  48  )
( -5  24  15  )
( 45  -38  -18  )
( -17  3  -18  )
( 20  -22  -37  )
( 40  -32  10  )
( -22  -26  -18  )
( 40  22  20  )
( 39  -44  -18  )
( 42  -7  25  )
( -22  15  -44  )
( 36  -3  41  )
( 10  -5  32  )
( 16  21  25  )
( 27  -49  -18  )
( 11  -7  -8  )
( 12  -10  37  )
( 33  -41  10  )
( -44  -4  33  )
( 33  -16  -30  )
( 18  47  -22  )
( 6  -18  -39  )
( -22  -14  2  )
( 43  -15  -46  )
( 3  7  15  )
( -18  25  -36  )
( -44  -36  13  )
( -48  6  13  )
( 29  5  -8  )
( -2  1  -30  )
( -28  -3  -26  )
( 1  18  -47  )
( 7  -45  46  )
( -7  -30  43  )
( -45  -49  48  )
( 9  -13  48  )
( 31  -41  -19  )
( 27  -7  -3  )
( 28  -8  46  )
( 45  -36  -17  )
( 9  -25  33  )
( 7  2  -35  )
( -16  -13  -34  )
( 28  -5  3  )
( 35  -25  -22  )
( 32  11  -19  )
( 29  -27  -42  )
( -6  -3  -9  )
( -45  2  -9  )
( 21  -36  38  )
( 32  19  15  )
( 24  9  -32  )
( -28  45  -41  )
( -2  30  9  )
( 23  8  24  )
( 26  22  33  )
( 4  2  -34  )
( 42  -1  31  )
( -9  35  17  )
( -32  -25  45  )
( -17  15  -20  )
( 5  -29  47  )
( 23  32  31  )
( 5  49  -1  )
( 14  49  38  )
( -15  23  9  )
( 10  12  -22  )
( 4  39  23  )
( 39  8  -5  )
( -10  26  -42  )
( 17  -22  21  )
( -38  22  -47  )
( 23  8  -0  )
( -48  0  27  )
( -41  -19  28  )
( 6  -47  -17  )
( -36  -37  45  )
( 10  -3  24  )
( -25  15  -17  )
( 7  -48  3  )
( 3  -11  -37  )
( 9  46  48  )
( 40  4  47  )
( -32  -12  -38  )
( -10  22  -7  )
( -5  24  -20  )
( -22  43  41  )
( 48  32  13  )
( -26  -17  -36  )
( -34  -33  -25  )
( -34  -7  -22  )
( 21  22  30  )
( 35  29  -5  )
( -49  39  -36  )
( -39  -44  46  )
( 29  -9  -1  )
( -44  -45  6  )
( 27  17  43  )
( 22  4  -34  )
( 43  0  6  )
( 6  32  14  )
( 33  18  19  )
( -25  5  -19  )
( -23  -8  -28  )
( 39  1  42  )
( 17  49  3  )
( -28  10  -30  )
( 44  -40  -32  )
( 4  31  -43  )
( -2  -7  -24  )
( 0  33  -18  )
( -18  -8  -32  )
( 13  -28  46  )
( -45  -49  44  )
( 22  45  1  )
( -46  38  22  )
( 40  41  -2  )
( -1  43  -12  )
( -39  -4  -17  )
( 27  -45  -46  )
( -46  -4  -7  )
( -26  -4  19  )
( -24  36  -13  )
( -24  -32  47  )
( -15  37  -5  )
( 28  -44  -13  )
( 7  -1  29  )
( -17  18  36  )
( 44  33  42  )
( 6  41  -2  )
( 32  -4  -1  )
( -38  49  37  )
( 31  34  49  )
( 8  -24  -28  )
( -28  7  40  )
( 25  -18  -49  )
( 6  19  -17  )
( -35  13  -44  )
( 43  37  -8  )
( 10  -46  -34  )
( -17  -31  -43  )
( -9  -49  44  )
( -27  -42  29  )
( -21  -10  -33  )
( 49  41  40  )
( 39  -9  40  )
( 19  -28  -2  )
( 19  47  -31  )
( -5  -49  29  )
( 39  0  -14  )
( 30  -28  -12  )
( -16  -48  19  )
( -39  -2  -15  )
( 49  -47  -18  )
( 26  -8  4  )
( -20  -6  3  )
( -3  -40  -4  )
( 39  -6  40  )
( 12  -13  0  )
( -23  15  26  )
( 14  -5  -13  )
( -40  -39  13  )
( -11  3  41  )
( -13  43  -33  )
( -21  39  -29  )
( -26  -43  30  )
( 41  -27  4  )
( 35  -2  -20  )
( 34  -5  -48  )
( -7  -18  40  )
( 12  -6  40  )
( 34  -25  28  )
( 26  -19  -18  )
( -0  -29  -20  )
( 2  5  -42  )
( -4  -30  25  )
( -43  -21  48  )
( 36  0  1  )
( 17  25  -45  )
( 31  35  -22  )
( 37  -38  16  )
( 9  -12  34  )
( 46  -26  -11  )
( 46  49  32  )
( 48  14  21  )
( 23  6  -40  )
( -3  6  -9  )
