( 45  8  -37  )
( -33  -3  32  )
( 33  -46  -41  )
( 38  -7  12  )
( -32  2  -48  )
( 45  24  -0  )
( 10  13  18  )
( -12  21  -48  )
( 24  -19  -6  )
( -11  17  -25  )
( -18  -44  -43  )
( -21  10  -17  )
( 27  -32  29  )
( -10  28  29  )
( 14  -6  0  )
( 3  43  10  )
( -6  17  -14  )
( -3  -31  13  )
( 25  35  -22  )
( 46  27  36  )
( 39  -18  -38  )
( -20  -36  38  )
( 44  -27  -45  )
( 39  31  0  )
( -22  44  49  )
( -18  26  5  )
( -26  22  17  )
( 3  -12  -26  )
( -43  23  33  )
( -41  -22  -36  )
( -44  -41  42  )
( -7  13  -47  )
( -3  -23  38  )
( 25  -5  -42  )
( 4  24  39  )
( -2  -16  -15  )
( 26  -25  -16  )
( -36  -29  8  )
( -20  19  -44  )
( 35  11  -44  )
( -6  -48  -0  )
( -14  2  24  )
( 22  -45  -25  )
( 4  15  -35  )
( -4  23  40  )
( -3  20  34  )
( 0  9  22  )
( -37  33  26  )
( 45  30  -23  )
( 13  28  1  )
( 16  -9  13  )
( -4  47  27  )
( 22  0  -42  )
( 49  11  30  )
( 36  4  -13  )
( 49  27  37  )
( -12  -28  37  )
( 29  -23  -13  )
( -19  32  -42  )
( -13  -14  -24  )
( -22  36  -49  )
( 0  37  25  )
( -25  21  38  )
( -47  17  -7  )
( 29  -27  6  )
( -34  -39  22  )
( 45  -25  -38  )
( -49  40  -38  )
( -16  -26  12  )
( -24  -28  12  )
( 28  -15  24  )
( 14  -22  -16  )
( -1  6  -7  )
( -5  33  10  )
( 12  44  11  )
( 12  -44  -24  )
( -33  11  37  )
( -21  -27  -5  )
( 27  23  34  )
( -8  39  -12  )
( -10  20  24  )
( 9  -36  -26  )
( -8  15  -39  )
( 37  19  36  )
( 25  2  -45  )
( -32  -5  -35  )
( -36  -46  -43  )
( -20  -38  33  )
( -4  -29  18  )
( 49  6  -22  )
( -39  -31  -38  )
( 35  -39  -7  )
( 7  -43  33  )
( -7  -45  -11  )
( -5  42  37  )
( -13  -3  -45  )
( 6  -28  47  )
( -29  -1  -27  )
( -29  -44  -9  )
( -47  5  35  )
( 38  13  -44  )
( -37  -41  22  )
( 41  -21  2  )
( 41  -28  -47  )
( -41  12  1  )
( -49  6  14  )
( 33  43  -38  )
( -32  29  -31  )
( 36  29  -19  )
( 34  45  6  )
( -39  -15  -30  )
( 34  -32  -9  )
( -29  -27  -38  )
( -5  -16  -13  )
( 23  -32  10  )
( -28  2  31  )
( 32  -9  -16  )
( -29  -35  45  )
( -47  44  34  )
( 28  -23  47  )
( 34  -29  11  )
( 38  -24  -4  )
( -7  -47  21  )
( -16  33  -38  )
( -38  -6  -40  )
( -3  -31  -45  )
( 1  24  32  )
( 17  28  37  )
( -41  -11  48  )
( -45  32  -7  )
( -1  -28  10  )
( -31  11  -46  )
( 4  17  44  )
( -27  41  15  )
( 10  -9  38  )
( 34  -41  15  )
( -47  -30  11  )
( -6  47  30  )
( 21  -13  -8  )
( 1  -24  43  )
( -45  -41  -2  )
( -19  -28  -11  )
( -20  47  -42  )
( 16  15  45  )
( -29  -42  49  )
( 22  47  -35  )
( 43  -16  3  )
( 7  -9  -28  )
( 43  32  -35  )
( 26  23  -30  )
( -3  47  14  )
( -26  13  20  )
( -33  34  48  )
( 10  -3  44  )
( -23  17  -3  )
( -1  -41  37  )
( 12  -48  27  )
( -39  9  -41  )
( 31  42  6  )
( -11  -4  16  )
( 16  -36  30  )
( -36  -0  -32  )
( -21  -41  16  )
( -41  -8  43  )
( 38  -23  -32  )
( -12  -35  -28  )
( -15  16  40  )
( -17  -30  42  )
( 26  -47  -39  )
( -38  31  -30  )
( 9  -47  49  )
( -12  -30  -1  )
( 23  5  -46  )
( -41  -48  6  )
( -18  22  28  )
( -34  -18  4  )
( -45  -14  -37  )
( -48  -18  -8  )
( -3  41  27  )
( 14  -26  -3  )
( 32  -23  -6  )
( -27  -13  -42  )
( 34  39  23  )
( -34  -37  -26  )
( 16  -45  21  )
( -12  -7  5  )
( 38  37  40  )
( -21  -10  -7  )
( 19  -26  37  )
( 37  -9  -21  )
( 29  20  -23  )
( -11  22  -30  )
( -31  -38  2  )
( 38  26  36  )
( -3  6  -19  )
( 19  -44  -47  )
( -25  23  39  )
( 18  46  -45  )
( 10  33  -12  )
( -25  -37  30  )
( -26  -19  25  )
( -49  4  20  )
( -16  6  35  )
( -13  -22  28  )
( 15  48  -22  )
( -33  14  34  )
( -8  42  4  )
( -47  34  26  )
( 41  3  -11  )
( 43  39  -25  )
( -2  -24  -9  )
( 18  33  27  )
( -4  7  -31  )
