( 40  38  4  )
( 26  39  -3  )
( 26  5  29  )
( -6  -3  10  )
( -8  3  -1  )
( 10  -0  22  )
( 13  -22  14  )
( 23  -39  -3  )
( -10  -18  7  )
( 3  23  -17  )
( 30  -48  27  )
( -43  -27  -44  )
( 33  -9  -32  )
( 49  -42  34  )
( -9  3  1  )
( -29  -40  -11  )
( 13  -26  14  )
( 49  16  -10  )
( 39  -32  18  )
( -25  36  3  )
( -12  44  13  )
( 35  -11  -28  )
( -0  -17  23  )
( -18  -9  21  )
( 30  -39  35  )
( -32  -0  -19  )
( -9  -31  -0  )
( 36  18  17  )
( 44  10  -14  )
( -45  -23  18  )
( 27  -14  -12  )
( 17  -30  -44  )
( 28  39  -6  )
( 15  41  32  )
( -2  47  38  )
( 15  23  -31  )
( 28  37  39  )
( 28  41  -16  )
( 2  -22  48  )
( 3  -40  -7  )
( 33  41  12  )
( 46  18  -35  )
( -26  42  -27  )
( 33  28  -2  )
( 28  44  22  )
( -48  40  -22  )
( -49  -5  -35  )
( -24  6  17  )
( 26  39  43  )
( -42  12  48  )
( 46  10  -14  )
( -47  4  -0  )
( 29  -49  40  )
( -0  -3  -19  )
( -46  10  0  )
( 44  26  1  )
( 39  -13  25  )
( 3  38  17  )
( 2  -24  0  )
( -12  -36  -17  )
( 43  26  6  )
( -16  -42  18  )
( 1  -44  -27  )
( -27  25  5  )
( -31  -45  32  )
( -47  -13  11  )
( 2  10  7  )
( -0  -21  6  )
( -13  -44  26  )
( -0  -35  -14  )
( -48  -43  37  )
( -27  -21  -26  )
( 33  -9  7  )
( 6  14  12  )
( -5  -26  -47  )
( -27  33  49  )
( 3  -8  30  )
( 49  -1  44  )
( 5  -16  -33  )
( 47  -17  42  )
( 2  11  23  )
( -1  21  -25  )
( 25  -24  -3  )
( 33  -12  -49  )
( 40  41  31  )
( -28  20  -8  )
( 39  44  29  )
( 5  30  -29  )
( -42  11  -30  )
( 18  -34  2  )
( 19  1  -40  )
( -33  4  29  )
( 37  -3  28  )
( 29  -18  -19  )
( -5  -48  -8  )
( 42  28  7  )
( -41  29  17  )
( 33  23  -1  )
( -41  26  -18  )
( -28  -17  45  )
( 29  49  37  )
( 33  -10  -48  )
( -20  -38  43  )
( 11  4  27  )
( -11  -31  -4  )
( 7  19  -2  )
( -24  36  38  )
( -49  -44  39  )
( -17  -0  42  )
( -37  -13  15  )
( 46  16  -11  )
( 28  -49  -44  )
( -37  -19  -43  )
( 37  -10  1  )
( 24  -37  35  )
( -48  -24  -49  )
( 14  -19  -0  )
( 26  14  34  )
( 28  3  4  )
( 24  -16  -8  )
( -43  39  -32  )
( 26  40  -18  )
( 34  42  -39  )
( -39  -22  -9  )
( -27  -29  -13  )
( -20  -29  -37  )
( -22  -11  -16  )
( -39  29  -10  )
( -44  17  -14  )
( -3  -20  -45  )
( 27  22  34  )
( 30  -36  -24  )
( 15  -17  -16  )
( 34  32  -19  )
( -45  -15  0  )
( 25  12  -39  )
( 16  8  41  )
( 4  -21  -32  )
( 41  24  -23  )
( 0  17  35  )
( -37  32  15  )
( -36  38  -0  )
( -11  7  -5  )
( -17  -42  -28  )
( 17  13  26  )
( 39  -37  -28  )
( -38  16  4  )
( -27  -29  11  )
( 19  -2  39  )
( 8  30  -49  )
( 18  -49  -32  )
( 48  -46  -3  )
( 33  4  13  )
( 49  -37  47  )
( -33  48  -14  )
( 3  7  40  )
( 0  -12  -48  )
( -49  -44  47  )
( 47  -15  -7  )
( 23  12  19  )
( -5  26  -22  )
( 42  -48  3  )
( -15  3  -7  )
( 38  30  40  )
( -22  1  47  )
( -18  -0  41  )
( 23  32  -31  )
( -30  41  12  )
( 10  49  -15  )
( 30  42  44  )
( -10  -17  -38  )
( 5  -25  -12  )
( 0  29  -15  )
( 22  -23  18  )
( 23  32  16  )
( 3  -44  -20  )
( -29  22  -42  )
( -13  19  11  )
( -7  -24  -15  )
( 23  7  -30  )
( 22  -0  12  )
( -12  29  33  )
( 14  -8  -46  )
( 15  24  -10  )
( 37  -6  12  )
( -26  -14  10  )
( -7  0  -29  )
( -38  27  12  )
( 35  -41  -36  )
( 13  -22  -49  )
( -27  -37  14  )
( 22  -48  4  )
( 33  -2  -4  )
( -10  27  39  )
( 13  -20  18  )
( -15  -29  -7  )
( 6  19  12  )
( 2  40  -25  )
( 43  -41  4  )
( -14  -22  10  )
( -16  2  49  )
( -4  -1  -48  )
( -29  -40  -20  )
( 38  0  45  )
( -24  -12  2  )
( 23  -0  6  )
( -40  -9  -22  )
( -12  32  -1  )
( -14  27  -13  )
( 40  48  16  )
( -6  32  24  )
( 7  -15  -20  )
( -30  4  12  )
