( -43  -10  23  )
( 8  -23  -42  )
( 22  -47  10  )
( -10  -23  -27  )
( 42  30  26  )
( -45  -34  -19  )
( -5  41  -40  )
( -18  -8  -21  )
( -19  42  -3  )
( -14  48  -22  )
( -14  -47  13  )
( -41  9  -14  )
( 1  -42  -17  )
( -3  29  -45  )
( 10  30  43  )
( -19  5  26  )
( -19  23  -10  )
( 47  23  18  )
( -31  -20  -38  )
( 6  26  -7  )
( -1  4  -13  )
( 12  35  8  )
( -22  43  -0  )
( 30  35  20  )
( 2  -27  43  )
( 15  -4  -17  )
( -41  -13  30  )
( -25  -22  -19  )
( -30  -47  -3  )
( 0  14  42  )
( -41  -6  47  )
( -39  -36  21  )
( -36  -7  -33  )
( -24  -3  -21  )
( -35  -45  34  )
( -32  11  6  )
( 3  -26  -4  )
( 6  -3  35  )
( -46  17  -27  )
( -42  -44  -27  )
( -21  24  -23  )
( -45  -35  13  )
( 9  21  -20  )
( -23  -37  -31  )
( 33  28  12  )
( -49  41  -15  )
( -23  17  6  )
( -23  -21  -44  )
( 11  -42  -19  )
( -4  39  -3  )
( 29  10  0  )
( 25  -31  -38  )
( 14  -31  -8  )
( -1  -20  13  )
( 23  -43  19  )
( 15  -38  26  )
( -37  -6  -14  )
( -21  -24  -42  )
( 2  -40  -31  )
( 24  34  48  )
( 29  1  37  )
( -37  -17  -46  )
( -1  28  43  )
( -25  43  23  )
( 9  -18  43  )
( -1  21  44  )
( -7  48  1  )
( 11  -25  29  )
( -10  15  -13  )
( -15  -26  22  )
( -27  -13  19  )
( 3  -8  12  )
( 49  -45  4  )
( 46  29  16  )
( -8  22  3  )
( -47  -16  -31  )
( -20  12  26  )
( 25  -14  -18  )
( 12  17  -11  )
( 0  33  -1  )
( -23  18  12  )
( 38  22  -47  )
( 43  -34  -29  )
( 23  -31  41  )
( -1  -46  38  )
( 11  -2  -22  )
( 26  13  40  )
( -1  -33  34  )
( -47  25  -45  )
( 24  -49  19  )
( 47  37  -41  )
( 13  43  44  )
( -6  -35  -8  )
( 40  47  -42  )
( -9  -23  -14  )
( -46  -20  17  )
( 8  -2  1  )
( 31  25  27  )
( -44  4  -14  )
( -31  -13  -30  )
( 39  36  -38  )
( 48  28  9  )
( -22  -12  -45  )
( -3  47  46  )
( -3  2  -26  )
( 35  49  28  )
( -27  -45  -3  )
( 36  -10  -13  )
( -0  47  -26  )
( -28  -0  34  )
( -35  -29  -23  )
( -29  5  7  )
( 23  -8  38  )
( 6  35  20  )
( -22  -10  24  )
( 9  -46  -26  )
( -32  42  -35  )
( 45  -2  -13  )
( -49  2  7  )
( 24  -37  27  )
( -24  -8  49  )
( 14  33  -29  )
( -48  32  -36  )
( 30  10  42  )
( 19  -47  -23  )
( 48  -35  43  )
( -12  18  31  )
( -3  -14  -43  )
( 44  -42  3  )
( -35  33  31  )
( -6  33  -37  )
( -0  37  8  )
( -47  -44  2  )
( 8  -26  12  )
( -34  17  23  )
( -48  -20  29  )
( -36  48  -11  )
( 3  -26  32  )
( -6  -42  -31  )
( -9  14  -7  )
( -12  -8  46  )
( -42  11  25  )
( 47  -34  -46  )
( -31  -46  -32  )
( 14  8  -15  )
( -15  -39  -27  )
( 19  -45  -16  )
( 23  33  -27  )
( 23  -32  26  )
( -9  -4  46  )
( 20  -6  -15  )
( 31  18  -6  )
( 46  -23  16  )
( -44  34  7  )
( -9  43  -39  )
( 44  -45  -12  )
( -33  -34  -13  )
( -4  45  -46  )
( -11  -5  32  )
( -47  29  31  )
( -19  -36  10  )
( 11  10  20  )
( 41  14  -10  )
( 18  -49  -33  )
( 7  -6  -42  )
( 40  14  10  )
( -17  34  -5  )
( 33  38  -46  )
( 37  20  -17  )
( 20  23  -38  )
( 8  -0  11  )
( 8  -44  15  )
( -0  9  -18  )
( 25  23  -13  )
( -1  32  -20  )
( 37  42  -19  )
( -30  36  14  )
( -16  43  46  )
( 41  42  16  )
( -41  -30  -0  )
( 22  -25  12  )
( 25  41  3  )
( -42  -18  -17  )
( 35  14  -4  )
( 34  21  -40  )
( -28  12  -8  )
( 43  -2  33  )
( -40  31  18  )
( -28  -5  34  )
( -11  -7  17  )
( -35  8  -37  )
( -22  45  -20  )
( 26  34  -41  )
( 21  -25  7  )
( 10  37  19  )
( -45  -31  -37  )
( -28  -2  40  )
( -9  36  34  )
( 11  -36  -48  )
( -11  -15  -31  )
( 6  38  -15  )
( -22  -17  -31  )
( -2  -39  27  )
( -45  -47  -33  )
( -29  -24  -40  )
( -47  -15  40  )
( 37  24  -42  )
( 13  -26  10  )
( 35  -7  -21  )
( -40  13  -35  )
( -40  46  -41  )
( -39  -38  -30  )
( 48  28  37  )
