( -27  -25  37  )
( 0  44  26  )
( -32  -41  33  )
( -49  -6  -13  )
( -15  -42  40  )
( 34  -7  -4  )
( -31  -46  -25  )
( -39  -34  13  )
( -20  -13  -48  )
( 42  -35  -37  )
( 24  -1  -36  )
( 49  22  -28  )
( 23  21  -19  )
( -41  -44  -7  )
( 26  12  16  )
( -40  -15  -12  )
( -14  35  -46  )
( -35  -48  -42  )
( -1  -23  -9  )
( 6  23  -0  )
( -16  32  11  )
( -9  7  -42  )
( 20  6  -27  )
( 41  1  -10  )
( 0  -43  39  )
( -16  -14  44  )
( -41  17  49  )
( -42  -37  -20  )
( 15  -2  16  )
( -3  37  -9  )
( 24  43  -46  )
( -46  -44  -28  )
( -28  -49  -16  )
( 39  40  43  )
( 31  -39  -20  )
( -17  -18  16  )
( 44  33  -21  )
( 19  -11  10  )
( -0  -20  11  )
( 39  33  30  )
( 0  2  -16  )
( -1  25  5  )
( -19  -49  35  )
( -1  -27  23  )
( -3  2  -35  )
( -6  -9  33  )
( -32  5  -42  )
( 33  -35  -23  )
( 20  -8  -12  )
( -18  27  -30  )
( 26  -34  -35  )
( 11  -28  2  )
( -24  -49  31  )
( -2  48  42  )
( 48  30  14  )
( -0  -21  8  )
( -46  3  -7  )
( -42  19  -48  )
( -29  3  49  )
( 21  18  -5  )
( -28  26  -14  )
( -45  -35  -2  )
( 34  38  -4  )
( -28  15  -17  )
( -15  -5  26  )
( -36  -35  1  )
( -10  -22  -25  )
( 42  5  9  )
( -22  -8  9  )
( -21  -29  -45  )
( -29  -17  -44  )
( 20  -8  -4  )
( 33  35  -0  )
( 49  -32  -4  )
( 30  -10  14  )
( -8  18  -11  )
( -0  28  -23  )
( -34  11  35  )
( 23  -45  6  )
( 46  7  -12  )
( -25  -43  47  )
( 24  21  45  )
( -42  43  -26  )
( -26  -48  -43  )
( 10  49  19  )
( -45  2  42  )
( -13  -46  26  )
( 13  -22  -45  )
( -8  -17  5  )
( -49  11  -22  )
( 10  -30  -44  )
( 0  11  39  )
( -26  -13  -12  )
( -19  14  26  )
( -39  -0  -28  )
( 10  -28  -29  )
( -12  -6  16  )
( 14  -17  -45  )
( -34  6  -40  )
( -35  9  29  )
( 35  -36  -5  )
( 6  48  31  )
( 49  -8  14  )
( 24  -25  -22  )
( -23  -24  34  )
( -14  4  -19  )
( -6  -13  21  )
( 46  26  -43  )
( 23  3  16  )
( -22  -15  33  )
( -46  39  -6  )
( 19  -10  9  )
( -6  -12  44  )
( -47  5  -41  )
( -8  -19  42  )
( -22  -3  7  )
( 4  -3  35  )
( -37  32  -25  )
( -19  9  35  )
( -2  15  31  )
( 15  -44  13  )
( 33  -24  13  )
( 5  -9  -30  )
( -16  40  42  )
( -43  24  -32  )
( 28  1  -35  )
( 31  35  -23  )
( 9  -46  -19  )
( -35  -14  -13  )
( 19  -28  -44  )
( -8  -24  14  )
( -4  -27  47  )
( -47  -10  23  )
( 5  23  -17  )
( -10  24  15  )
( 20  -13  -32  )
( -27  3  14  )
( -5  12  -8  )
( -15  -4  22  )
( 27  -0  -41  )
( 48  -47  24  )
( -26  8  28  )
( 28  -9  -32  )
( -23  -3  36  )
( -5  37  -12  )
( -43  -20  10  )
( 13  -47  8  )
( -4  -15  -2  )
( 2  -11  27  )
( -36  -3  -41  )
( 29  23  -38  )
( 34  -19  9  )
( 2  42  -17  )
( 6  19  -4  )
( -36  7  -38  )
( 39  14  -20  )
( -20  39  4  )
( -3  42  45  )
( -29  -7  -33  )
( 38  -35  11  )
( -32  -3  -41  )
( -45  21  19  )
( -2  -17  5  )
( -20  -21  11  )
( 14  -20  -29  )
( 15  36  -38  )
( 36  -18  3  )
( -33  -45  -22  )
( -3  -15  -47  )
( -22  -6  -29  )
( -15  -17  45  )
( -0  -20  14  )
( 10  22  -21  )
( 32  13  -11  )
( -44  1  -20  )
( 34  47  -18  )
( -27  41  1  )
( 27  24  45  )
( 18  -5  -20  )
( 9  -39  -26  )
( 22  -4  -0  )
( 26  14  47  )
( -41  38  -21  )
( 38  27  -25  )
( 37  -11  -47  )
( 17  33  27  )
( 24  -14  -19  )
( 34  -29  11  )
( -41  -24  23  )
( 27  6  37  )
( 19  11  23  )
( 21  14  -37  )
( -35  40  -47  )
( 16  -33  -27  )
( 35  -11  -5  )
( -26  -38  -47  )
( -14  -0  -15  )
( -12  44  18  )
( 11  -47  26  )
( -31  -12  -9  )
( 4  -48  -2  )
( -16  -30  25  )
( -42  3  20  )
( -44  16  19  )
( 49  27  43  )
( 35  3  42  )
( 1  -29  -47  )
( 46  -20  -42  )
( 10  -34  -29  )
( 43  48  -42  )
( -23  27  21  )
( -41  -37  -23  )
( 47  40  41  )
