( -19  36  7  )
( -34  7  4  )
( -5  -19  43  )
( -48  26  17  )
( 37  39  -48  )
( 11  1  -4  )
( -40  -12  13  )
( 19  -29  14  )
( 25  -31  23  )
( -10  17  31  )
( 37  -19  -17  )
( -14  -16  -12  )
( -43  16  -26  )
( 35  28  -34  )
( 38  -9  2  )
( -7  18  -22  )
( 21  -35  -23  )
( -8  -47  -1  )
( -46  -39  20  )
( 42  -35  13  )
( -13  49  -8  )
( 30  -29  44  )
( 31  38  35  )
( -33  -45  -49  )
( 12  -35  -1  )
( -41  46  -36  )
( 6  1  -37  )
( -38  5  -49  )
( 33  45  -18  )
( 18  -4  6  )
( 9  -34  -45  )
( 44  -14  -4  )
( -25  -43  29  )
( -3  15  -36  )
( 7  -22  -11  )
( 40  -46  -20  )
( -26  22  -8  )
( 17  -31  0  )
( 6  -39  -32  )
( -5  -47  33  )
( -26  -45  -44  )
( -31  -30  -21  )
( 23  -0  -31  )
( 17  44  -32  )
( -34  27  20  )
( -37  -30  34  )
( 35  29  -2  )
( -49  40  -6  )
( 41  -49  28  )
( -20  -34  -25  )
( -12  10  21  )
( 23  -5  -29  )
( -7  18  -41  )
( -13  -45  -7  )
( 34  41  -36  )
( 18  21  36  )
( 38  -18  -19  )
( 49  -9  35  )
( 9  1  -47  )
( -25  2  -39  )
( -37  -47  32  )
( -38  -5  24  )
( -33  35  -37  )
( 31  -5  27  )
( 11  22  4  )
( -1  -7  39  )
( -13  -7  -24  )
( 6  -29  -42  )
( 13  -12  2  )
( -17  -23  8  )
( -11  -18  21  )
( -17  49  8  )
( 28  -9  30  )
( 48  -44  -37  )
( -49  -41  -48  )
( -1  27  -19  )
( 34  -31  -38  )
( 5  -40  7  )
( 9  -15  -44  )
( -6  8  0  )
( 18  -6  19  )
( -39  36  -32  )
( -4  6  42  )
( -1  12  -36  )
( 14  31  32  )
( 42  8  27  )
( -16  18  24  )
( -34  17  -12  )
( -17  -34  -2  )
( 5  -42  -37  )
( -27  -14  -32  )
( 28  -47  37  )
( -1  30  39  )
( 8  21  6  )
( -44  -35  36  )
( -35  13  19  )
( 40  25  -20  )
( 48  -27  2  )
( 7  -4  10  )
( -48  29  14  )
( -45  -33  12  )
( 16  5  -32  )
( -3  37  -43  )
( 24  3  15  )
( -2  3  26  )
( -18  -38  -25  )
( -31  44  18  )
( -21  -25  3  )
( 36  -5  -0  )
( -19  -41  49  )
( 4  41  21  )
( -14  37  -34  )
( -46  -17  21  )
( 6  48  -14  )
( -48  -32  -35  )
( 1  -5  11  )
( 49  -19  11  )
( 31  -47  14  )
( -6  17  16  )
( -15  25  30  )
( 44  47  1  )
( 7  -4  30  )
( -22  -49  17  )
( -15  47  14  )
( 7  41  -28  )
( -9  16  18  )
( 47  29  -24  )
( -38  -22  -29  )
( -30  -16  -40  )
( 49  19  -24  )
( -7  6  4  )
( -32  7  43  )
( 36  1  44  )
( 17  -20  -19  )
( -22  -36  12  )
( 0  -34  13  )
( 41  37  -45  )
( -18  -0  22  )
( 39  44  -33  )
( 20  -27  49  )
( 31  3  -38  )
( 21  -23  -40  )
( -35  40  -24  )
( -16  -21  -5  )
( 0  -22  -6  )
( -42  29  -25  )
( 15  49  10  )
( 33  43  -28  )
( -42  24  34  )
( 5  -1  -3  )
( -2  -15  0  )
( 1  4  -21  )
( -23  -17  -18  )
( 14  -26  -5  )
( -7  -9  -17  )
( -25  2  49  )
( -37  8  32  )
( -25  29  -18  )
( -46  9  23  )
( 23  2  7  )
( -45  26  -12  )
( -0  36  25  )
( -11  -48  16  )
( -40  -18  -22  )
( -11  -45  -12  )
( -0  12  -34  )
( 6  -16  -44  )
( -36  -23  -46  )
( 23  6  9  )
( 12  -15  -41  )
( 26  41  13  )
( -34  -2  -24  )
( -30  -25  31  )
( -30  32  13  )
( 41  8  -30  )
( 27  10  -28  )
( -9  -19  -44  )
( 10  -33  -25  )
( 34  26  -36  )
( 20  -21  24  )
( 30  40  -49  )
( 10  26  -32  )
( 44  3  -45  )
( 37  29  -26  )
( -4  -37  1  )
( 38  -13  -0  )
( 46  -22  0  )
( -45  2  5  )
( -1  11  -49  )
( 40  33  47  )
( -22  1  7  )
( -49  -13  16  )
( 40  -4  -43  )
( 25  45  22  )
( -24  -21  -12  )
( 25  -36  15  )
( -14  18  13  )
( -24  31  38  )
( 9  39  -46  )
( 48  9  38  )
( -25  10  34  )
( -34  -41  37  )
( 31  40  -46  )
( -8  19  -33  )
( -6  -42  -31  )
( 25  30  14  )
( -47  -31  48  )
( -26  47  -19  )
( 11  -7  -40  )
( -6  19  -20  )
( 18  41  -29  )
( 17  -26  -10  )
( 8  26  48  )
