( 23  31  -12  )
( 43  29  -25  )
( -38  -49  19  )
( 10  -38  14  )
( -10  -36  -11  )
( 28  -27  46  )
( -40  -4  -17  )
( -24  -47  11  )
( 23  -7  13  )
( -31  14  -30  )
( 11  -17  -32  )
( 18  7  -30  )
( -27  44  -19  )
( 46  44  6  )
( 34  41  -32  )
( 10  19  11  )
( -32  -29  -49  )
( 47  -33  0  )
( 5  21  -20  )
( -31  -6  -23  )
( -43  1  -45  )
( -35  40  7  )
( -48  46  37  )
( 20  -40  21  )
( -27  -29  -38  )
( 27  -34  -38  )
( -26  18  -47  )
( 24  35  -41  )
( -44  6  -43  )
( 37  -36  44  )
( -42  5  -19  )
( -36  23  8  )
( -23  -24  22  )
( -36  12  22  )
( 28  24  13  )
( 41  46  -34  )
( -32  34  -31  )
( 5  -35  49  )
( -43  11  -42  )
( 10  6  -28  )
( -8  -47  -9  )
( -29  -31  26  )
( 30  -22  -45  )
( -22  -35  6  )
( 46  -49  30  )
( 30  7  20  )
( 12  -9  19  )
( -36  -32  -0  )
( -6  27  38  )
( 15  -2  38  )
( -32  30  46  )
( 19  -34  7  )
( 25  49  34  )
( 18  -44  11  )
( -5  -28  42  )
( -22  40  46  )
( -41  -35  -39  )
( 39  26  30  )
( -9  16  44  )
( 1  7  18  )
( 19  -6  -40  )
( 26  27  43  )
( -1  -45  -41  )
( 14  33  31  )
( -0  20  -14  )
( 29  43  11  )
( 8  -45  -42  )
( 6  -45  -25  )
( 44  -35  -1  )
( -39  -49  30  )
( -16  22  46  )
( 43  20  46  )
( 45  -22  19  )
( 0  -25  -15  )
( 6  37  -29  )
( 0  -19  46  )
( -25  -34  16  )
( 0  46  -16  )
( 9  11  34  )
( 14  41  34  )
( -20  38  44  )
( 20  -10  45  )
( -14  37  47  )
( -0  -47  -43  )
( -12  41  -48  )
( -26  -1  9  )
( -46  35  24  )
( -4  -29  -46  )
( -48  -10  24  )
( 11  16  45  )
( 45  -46  -30  )
( 46  -26  37  )
( 11  -5  -6  )
( -19  17  -42  )
( 14  -32  23  )
( 30  -39  -24  )
( 2  -24  3  )
( -37  22  23  )
( 46  -44  11  )
( -14  -5  44  )
( 15  -14  -11  )
( 4  -14  11  )
( -40  -8  2  )
( 1  46  -27  )
( -36  10  3  )
( 46  9  -7  )
( -35  -46  -42  )
( -41  39  -22  )
( -38  -28  43  )
( -25  -36  -19  )
( -11  31  -45  )
( -45  26  -13  )
( -45  11  25  )
( -15  -47  16  )
( 42  -45  -44  )
( 47  -37  -17  )
( 25  -1  -35  )
( 26  -42  43  )
( -48  5  3  )
( -24  30  -26  )
( 22  -30  20  )
( 37  -2  3  )
( -24  -5  -27  )
( 5  -17  -40  )
( 45  20  -41  )
( 40  42  34  )
( 25  -24  1  )
( 20  -28  13  )
( -34  8  26  )
( -12  29  27  )
( 37  34  -19  )
( 9  22  10  )
( 19  29  41  )
( 31  -14  -44  )
( -1  4  -26  )
( -5  35  -15  )
( 5  8  -17  )
( 16  -34  31  )
( 49  40  -11  )
( 26  -5  38  )
( -9  40  42  )
( 49  -2  -16  )
( 10  -3  4  )
( -45  9  -2  )
( 3  -29  -15  )
( -48  44  20  )
( -35  16  17  )
( 28  47  -20  )
( 44  -30  43  )
( 0  -44  -13  )
( 34  -31  46  )
( -47  -4  25  )
( 7  -2  13  )
( -18  3  7  )
( -15  -13  -2  )
( -15  -20  -44  )
( 8  -0  7  )
( -35  -4  -37  )
( 9  18  30  )
( -10  -28  -49  )
( 12  5  -9  )
( -36  -27  -35  )
( 8  -18  -13  )
( 43  -48  25  )
( 43  -16  -9  )
( 13  39  -28  )
( 48  -3  2  )
( -17  14  40  )
( -39  -20  -38  )
( 4  6  13  )
( -1  -44  -23  )
( -13  -48  12  )
( 19  38  24  )
( 24  36  37  )
( -36  -48  21  )
( 23  34  43  )
( 40  11  -37  )
( -24  29  44  )
( -44  48  38  )
( -33  1  15  )
( 39  -40  -19  )
( -10  38  41  )
( -24  -38  -20  )
( -31  -18  47  )
( -24  32  -43  )
( -43  -47  0  )
( 14  -7  15  )
( 49  -4  1  )
( -43  17  -23  )
( 15  -12  43  )
( -37  36  17  )
( 33  -15  -46  )
( -32  -23  -7  )
( -41  -16  18  )
( 17  38  -1  )
( -18  -39  0  )
( -27  -40  9  )
( 1  10  13  )
( -9  -36  -7  )
( -19  1  11  )
( 46  -26  -42  )
( -11  10  -5  )
( -15  -38  48  )
( 36  46  -4  )
( 11  -5  1  )
( -39  28  -47  )
( 29  42  3  )
( -49  -33  21  )
( 6  -19  -40  )
( 1  -37  -3  )
( 36  -35  23  )
( 43  33  -27  )
( 18  -47  6  )
