( 37  8  43  )
( 29  46  36  )
( 47  36  -45  )
( -3  20  -2  )
( -3  30  4  )
( -26  48  10  )
( 2  -11  -23  )
( 22  -46  38  )
( -41  -18  -0  )
( -7  11  4  )
( -3  7  45  )
( -40  -22  -7  )
( -40  0  -21  )
( -35  23  -31  )
( -5  49  -30  )
( 8  2  -7  )
( -49  47  -30  )
( 11  42  36  )
( 7  20  -0  )
( -36  43  6  )
( -46  43  -38  )
( -7  30  44  )
( -45  7  -30  )
( 6  11  48  )
( 46  18  -39  )
( -8  -9  6  )
( 36  40  -19  )
( -42  -5  -17  )
( -9  39  -30  )
( -39  20  43  )
( 35  41  8  )
( 6  41  -12  )
( -45  8  35  )
( 6  -18  -3  )
( 27  -49  -37  )
( 14  40  -18  )
( -41  32  -11  )
( -20  -7  -33  )
( -10  -11  -27  )
( 22  21  -28  )
( -4  43  12  )
( 14  1  22  )
( -28  -40  -25  )
( 12  37  -31  )
( -27  46  -48  )
( 7  35  22  )
( -48  14  -26  )
( -10  19  48  )
( -18  48  -46  )
( 11  -38  -45  )
( 42  29  -36  )
( 31  -33  21  )
( 20  -16  -13  )
( 43  25  -9  )
( 31  23  -26  )
( -21  26  -18  )
( -0  35  -22  )
( 42  -8  -17  )
( 36  -26  -5  )
( 37  7  -40  )
( -3  46  6  )
( -19  -10  -32  )
( -19  26  -44  )
( -25  34  -39  )
( -46  -2  -47  )
( -17  18  48  )
( 17  16  -7  )
( 18  -37  -23  )
( -30  -2  42  )
( 1  -35  -34  )
( -44  -46  -3  )
( 16  37  19  )
( -16  26  -22  )
( -34  -15  -30  )
( 43  -10  23  )
( 42  38  2  )
( -1  -30  44  )
( 47  8  -29  )
( -5  2  -24  )
( 23  -25  12  )
( -28  -45  -41  )
( -10  28  -39  )
( -44  22  -40  )
( 44  12  39  )
( 49  16  -18  )
( -15  45  49  )
( 27  -38  -29  )
( -6  -5  24  )
( -41  38  7  )
( -6  3  -18  )
( 41  47  20  )
( 46  -12  -1  )
( 11  30  26  )
( -11  8  5  )
( 7  12  -9  )
( 3  -23  -13  )
( 7  -12  -43  )
( 47  -30  28  )
( 42  8  22  )
( 15  48  26  )
( 27  20  -49  )
( 43  37  -49  )
( -28  6  -26  )
( 37  -26  -43  )
( -45  49  26  )
( 36  25  7  )
( 32  49  45  )
( -45  -6  -7  )
( -33  27  -5  )
( -39  -9  20  )
( -8  47  1  )
( -16  -17  13  )
( 39  7  -23  )
( -36  -19  33  )
( -36  -0  -37  )
( -36  -22  40  )
( -24  -11  -17  )
( 36  -9  -4  )
( -24  32  -5  )
( -24  42  -2  )
( 4  24  -46  )
( -24  -21  27  )
( 22  4  -9  )
( 40  -49  7  )
( -43  -31  21  )
( 37  38  45  )
( -13  41  -7  )
( 0  -47  -14  )
( -34  -25  -42  )
( -21  -38  36  )
( -5  36  45  )
( 46  31  -10  )
( -48  9  0  )
( -4  -16  -26  )
( -48  -31  -49  )
( -40  21  -34  )
( -30  31  18  )
( 21  -34  35  )
( -20  42  -1  )
( -23  0  44  )
( -45  34  12  )
( 7  -28  -38  )
( -2  5  21  )
( -25  43  -21  )
( 14  -31  26  )
( 24  -22  -36  )
( -16  -29  40  )
( 19  38  0  )
( 47  2  17  )
( -32  -7  -14  )
( -15  24  -40  )
( -3  14  47  )
( 1  28  -12  )
( 48  -39  28  )
( 38  -37  -15  )
( -8  -39  -41  )
( 31  36  4  )
( 14  -31  6  )
( -2  32  35  )
( 27  6  -18  )
( -19  -13  49  )
( -20  -16  5  )
( 40  28  33  )
( -25  7  -14  )
( 4  35  -19  )
( -7  29  -37  )
( -45  12  31  )
( -32  -45  -49  )
( -9  -45  -4  )
( -18  -30  19  )
( 8  -46  -21  )
( 33  4  41  )
( -32  2  11  )
( -14  0  19  )
( 31  -7  26  )
( 12  32  -41  )
( 44  19  43  )
( 38  -39  -30  )
( 48  47  -5  )
( 15  12  13  )
( 4  -40  27  )
( 34  -18  12  )
( 27  -9  -37  )
( 26  -34  -30  )
( 14  41  42  )
( 27  0  -3  )
( -17  5  48  )
( -47  -13  -48  )
( -24  -14  -25  )
( -28  -0  35  )
( -37  45  -0  )
( 48  11  0  )
( -27  44  -0  )
( -14  1  2  )
( -29  22  -26  )
( -7  49  0  )
( -38  -24  -29  )
( 39  44  -13  )
( 21  -13  -27  )
( -20  -44  41  )
( -0  -22  38  )
( 9  -37  30  )
( 49  -48  28  )
( -4  6  -11  )
( 42  -28  34  )
( -3  -49  20  )
( -42  33  -6  )
( 10  -42  -9  )
( -47  -42  -44  )
( -49  15  34  )
( -27  -16  39  )
( -34  0  -15  )
( 43  41  11  )
