( 37  -6  -1  )
( 20  1  -4  )
( 31  4  37  )
( -39  -48  -9  )
( -13  29  -7  )
( -39  -4  -37  )
( 33  -42  -1  )
( 34  -47  -35  )
( 30  -40  9  )
( 30  -6  24  )
( -28  10  39  )
( 48  -8  0  )
( -10  5  35  )
( 15  -17  47  )
( -44  37  -49  )
( -24  20  30  )
( 10  37  -11  )
( 30  45  18  )
( -4  -16  -10  )
( -38  -33  43  )
( -14  -44  37  )
( -23  30  5  )
( -3  30  -47  )
( 49  24  -28  )
( -49  -48  38  )
( 38  5  44  )
( -14  -31  -33  )
( -48  45  38  )
( -3  -9  -17  )
( -32  31  9  )
( 24  -33  21  )
( -16  48  34  )
( 8  -12  -33  )
( -30  -32  -11  )
( 18  -1  11  )
( 2  42  -23  )
( -19  -40  26  )
( -28  41  -16  )
( 28  -23  -32  )
( 3  24  35  )
( 3  -31  28  )
( -3  -19  33  )
( 39  -9  31  )
( 31  -5  -17  )
( -34  10  27  )
( -39  -1  -31  )
( -28  49  -1  )
( -19  33  -43  )
( 45  20  13  )
( -23  19  43  )
( 45  43  15  )
( 19  -42  41  )
( -36  19  -45  )
( -13  30  -1  )
( 49  41  32  )
( 41  12  -23  )
( -11  16  -42  )
( 24  22  -27  )
( -3  45  -21  )
( 2  -13  -32  )
( 7  31  20  )
( -23  35  -46  )
( -20  39  -34  )
( 23  2  8  )
( 38  -7  -31  )
( -2  -48  11  )
( 17  -46  -7  )
( 46  30  -34  )
( -5  22  -30  )
( 42  -39  22  )
( -7  -22  -12  )
( 2  33  -15  )
( -12  -15  -24  )
( 1  12  -10  )
( -32  15  26  )
( 13  -5  -16  )
( 47  40  9  )
( -44  -20  -26  )
( 30  -5  -19  )
( 8  40  -36  )
( 7  40  39  )
( 47  -32  41  )
( 32  14  -37  )
( -41  23  -5  )
( 41  30  -8  )
( 32  -11  -41  )
( -39  20  43  )
( -11  -41  -22  )
( 10  49  41  )
( 2  -16  -27  )
( 28  9  44  )
( -1  -13  12  )
( 43  -30  44  )
( 45  5  19  )
( -22  -39  -18  )
( 21  -3  36  )
( -47  21  -16  )
( 18  5  -34  )
( -37  -48  -31  )
( -20  -8  11  )
( 7  9  -36  )
( 22  -27  -8  )
( -4  -45  23  )
( -15  -24  44  )
( -33  -15  26  )
( -31  -23  44  )
( -42  -44  -7  )
( 8  41  31  )
( -13  15  23  )
( 35  -49  44  )
( 19  -20  25  )
( 13  10  -23  )
( 11  -34  25  )
( 49  -40  8  )
( -9  -4  -2  )
( 18  -33  -34  )
( -28  -48  38  )
( 36  -6  20  )
( -41  -28  2  )
( -13  24  20  )
( -45  33  -43  )
( 10  -35  11  )
( 16  -10  -28  )
( -3  29  10  )
( 38  -48  -19  )
( -30  48  3  )
( -43  -9  -18  )
( 32  -23  8  )
( -1  25  -16  )
( 14  19  8  )
( -30  -46  14  )
( 19  20  31  )
( -31  -4  43  )
( 26  25  -16  )
( 48  4  43  )
( 14  37  -38  )
( 25  -16  -49  )
( -23  0  28  )
( -23  -40  -42  )
( -31  39  34  )
( -4  -42  -1  )
( 21  -39  8  )
( 7  -38  -16  )
( 0  15  45  )
( 40  -28  -4  )
( 40  -46  -1  )
( -20  36  43  )
( -40  11  12  )
( -43  26  -27  )
( 5  46  -27  )
( 4  -24  -37  )
( -46  18  -8  )
( -32  -6  -37  )
( 43  34  -23  )
( -19  43  -44  )
( 41  6  5  )
( 6  -49  -44  )
( 17  41  -39  )
( 12  -13  -32  )
( -0  -27  4  )
( -49  36  20  )
( 46  -48  30  )
( -14  -39  29  )
( 8  30  -33  )
( -24  47  -41  )
( -15  -42  35  )
( 2  -8  9  )
( 18  -39  -23  )
( -27  41  6  )
( -14  19  -40  )
( 45  -15  -43  )
( 24  44  48  )
( -23  5  7  )
( 45  44  -28  )
( 40  -22  -1  )
( -18  4  -17  )
( -27  -5  -10  )
( 14  -39  22  )
( -20  4  47  )
( 25  -31  15  )
( 10  -6  -13  )
( -3  47  21  )
( 14  -23  -13  )
( -30  -44  -40  )
( -29  13  12  )
( -35  -2  44  )
( -19  20  -48  )
( -33  20  -14  )
( -38  -42  2  )
( -12  -49  35  )
( -40  0  45  )
( 46  35  38  )
( -44  46  13  )
( 23  33  -7  )
( 45  49  -41  )
( 18  37  13  )
( 15  37  -4  )
( 31  -18  -29  )
( -12  8  -40  )
( 8  -27  14  )
( 0  24  -23  )
( 37  -10  5  )
( 21  -6  -4  )
( 44  -1  11  )
( -14  -28  9  )
( 3  -29  39  )
( -19  29  3  )
( 23  -16  49  )
( -24  -34  -3  )
( -2  -11  21  )
( -49  -32  22  )
( -17  -21  6  )
( -40  -26  7  )
