( -10  -21  31  )
( 6  -33  -15  )
( -44  -20  49  )
( -4  8  23  )
( -12  -42  -30  )
( 0  -22  -16  )
( 42  12  36  )
( -11  8  -45  )
( 5  29  -8  )
( -3  15  28  )
( 21  28  -40  )
( 30  13  22  )
( 23  6  30  )
( 11  -17  42  )
( 40  43  -30  )
( -20  -23  5  )
( -12  -18  -43  )
( -48  27  -4  )
( 0  -13  -34  )
( 49  -13  30  )
( -3  5  16  )
( -22  1  36  )
( -41  -19  -48  )
( -3  -48  -24  )
( 1  -23  -42  )
( -20  -37  24  )
( 37  36  48  )
( 17  13  -48  )
( -47  0  34  )
( -7  3  -4  )
( 7  -5  6  )
( 41  -4  -19  )
( 33  14  37  )
( 20  -39  -34  )
( 44  15  22  )
( 11  31  -45  )
( 9  15  -11  )
( -23  -32  -45  )
( 32  10  -8  )
( 29  -41  15  )
( 38  -15  14  )
( -14  -18  48  )
( 20  29  -33  )
( -30  -33  -31  )
( -9  -26  -45  )
( 23  -29  25  )
( -33  -21  -5  )
( 30  -5  15  )
( 27  -10  -3  )
( 20  15  38  )
( -37  -20  -42  )
( 49  -32  24  )
( -45  -14  49  )
( 12  -31  -3  )
( -22  20  48  )
( -25  -32  42  )
( -19  -28  -36  )
( -35  -46  -28  )
( 2  -13  6  )
( -29  -11  -23  )
( 5  -14  3  )
( 27  4  -41  )
( -48  -45  -42  )
( 45  -36  14  )
( 46  27  19  )
( -4  -15  46  )
( -25  -29  -38  )
( 1  -0  44  )
( 40  -23  -29  )
( 18  36  44  )
( -13  -25  3  )
( -5  -45  -27  )
( 16  -20  37  )
( 4  32  41  )
( -7  33  -36  )
( -46  -36  -22  )
( -12  -21  -48  )
( -47  33  12  )
( 0  -7  -9  )
( -47  -40  -37  )
( 37  -19  28  )
( 27  -30  21  )
( -40  -25  -31  )
( 5  44  23  )
( 30  39  45  )
( -22  10  45  )
( -43  -9  29  )
( -43  -13  -49  )
( -14  -4  38  )
( -32  -17  1  )
( 46  -0  -26  )
( -2  -42  -0  )
( 8  45  -5  )
( -20  -46  4  )
( 33  34  45  )
( 16  22  -30  )
( -3  12  -40  )
( 17  44  46  )
( -34  -5  -37  )
( -49  7  -39  )
( -35  -45  28  )
( 22  -35  43  )
( 1  39  -30  )
( 10  38  20  )
( -45  3  43  )
( -29  27  -26  )
( -28  30  38  )
( -37  -25  -49  )
( -45  -44  -43  )
( 46  5  -8  )
( 34  40  -39  )
( 21  -33  -27  )
( 2  -28  -43  )
( 18  -42  37  )
( -36  8  49  )
( -33  39  -22  )
( -19  -33  26  )
( -15  43  9  )
( -6  -22  20  )
( 11  30  -1  )
( -21  -2  39  )
( -2  28  -17  )
( 35  -37  12  )
( -21  23  38  )
( 35  43  -38  )
( -34  -16  -5  )
( 17  -21  16  )
( -32  9  -18  )
( 18  5  43  )
( -17  48  -7  )
( -45  -42  -29  )
( 8  7  -9  )
( -1  5  -31  )
( -26  12  33  )
( 14  45  29  )
( -2  -0  46  )
( 21  35  13  )
( -12  -27  -23  )
( -26  -20  5  )
( 32  16  0  )
( 28  -49  43  )
( -18  20  30  )
( 12  39  -2  )
( -12  -11  -3  )
( 34  -42  -20  )
( 19  -31  0  )
( -16  3  -34  )
( -13  -19  -16  )
( -20  -34  28  )
( 8  30  33  )
( -28  -7  39  )
( -8  39  35  )
( 0  -42  -10  )
( 33  8  5  )
( 26  7  30  )
( -33  38  29  )
( -36  44  3  )
( 16  -0  -32  )
( -31  -40  -45  )
( 39  -43  -4  )
( 2  -11  -42  )
( 29  8  9  )
( -28  -19  7  )
( -20  27  4  )
( 28  -0  37  )
( -17  -22  -7  )
( -0  -11  -25  )
( -42  -40  -21  )
( -48  -36  29  )
( 37  -1  41  )
( 46  7  -2  )
( -4  -24  27  )
( -43  -5  -23  )
( -36  33  -41  )
( -26  -22  -16  )
( 17  -47  6  )
( 0  32  7  )
( -29  -19  12  )
( 24  34  -10  )
( -25  21  -9  )
( 32  -15  24  )
( 35  -45  -16  )
( -48  -44  -38  )
( -13  -3  -19  )
( -1  -6  48  )
( 14  0  39  )
( -19  -7  17  )
( 31  -38  30  )
( -7  -9  -48  )
( -39  -5  34  )
( 18  4  2  )
( -46  -49  14  )
( 40  33  12  )
( 44  -15  -16  )
( -5  26  -3  )
( 25  27  7  )
( -21  41  -13  )
( -1  -22  23  )
( -23  42  12  )
( -24  4  8  )
( -26  -17  3  )
( 40  -14  -47  )
( 46  -15  28  )
( -15  -0  -4  )
( -13  11  27  )
( -5  -15  -16  )
( -12  8  42  )
( 7  -38  -35  )
( -27  -2  -45  )
( -31  22  18  )
( -49  -17  -45  )
( 48  -2  -19  )
( 32  -18  -25  )
