( 3  11  23  )
( 1  0  -15  )
( 16  -34  32  )
( -36  21  -48  )
( 45  29  33  )
( -28  13  45  )
( -16  -35  -6  )
( -17  -7  -32  )
( 9  -6  20  )
( -0  45  49  )
( 35  -37  36  )
( -11  -16  44  )
( -37  -28  4  )
( 7  -29  48  )
( 22  -46  -47  )
( 30  8  -20  )
( 23  24  16  )
( 12  37  -44  )
( -16  18  13  )
( 30  47  38  )
( -4  -33  -44  )
( 0  29  -17  )
( 11  32  -27  )
( -5  38  46  )
( -48  46  -45  )
( 36  -42  -28  )
( -8  38  19  )
( -9  -10  -38  )
( -19  35  14  )
( 46  20  33  )
( -17  14  -27  )
( -39  -13  -8  )
( 39  -42  13  )
( -25  -26  34  )
( 25  8  -15  )
( -38  9  -18  )
( 41  -3  28  )
( -19  34  48  )
( -8  -3  -48  )
( 24  32  -7  )
( 24  -48  -40  )
( -48  35  -16  )
( -35  47  16  )
( 17  9  19  )
( 18  -29  -0  )
( 13  -21  -2  )
( -29  -19  24  )
( -34  35  11  )
( 31  19  43  )
( -23  -45  2  )
( 39  -33  -3  )
( -48  -39  18  )
( 16  42  37  )
( -4  -21  25  )
( 36  46  35  )
( 14  37  23  )
( 5  9  38  )
( 23  -46  -8  )
( 21  17  -8  )
( -31  -27  19  )
( 29  42  40  )
( 48  -19  44  )
( -13  -40  -39  )
( 14  4  -7  )
( 24  -10  -49  )
( -39  9  -14  )
( 17  -34  -37  )
( 40  36  -32  )
( -16  -29  -38  )
( 17  -24  -4  )
( -16  -9  36  )
( 32  -23  30  )
( -24  -0  26  )
( -17  -23  33  )
( 49  7  21  )
( 32  49  27  )
( -7  -31  -3  )
( 10  -5  -30  )
( 20  -0  -19  )
( 2  -0  11  )
( -46  -48  1  )
( -17  -23  -5  )
( -36  -49  6  )
( 43  31  40  )
( 20  28  -10  )
( -26  22  -46  )
( 44  8  -25  )
( -47  13  -49  )
( -34  -19  46  )
( -38  12  26  )
( -23  26  -34  )
( 15  -17  -36  )
( -6  -48  -14  )
( -48  22  -49  )
( -37  46  -21  )
( 44  -43  38  )
( -10  19  0  )
( -38  -5  -41  )
( -38  31  -17  )
( 17  -28  -4  )
( 39  44  48  )
( -41  -13  -3  )
( -11  31  -28  )
( 20  8  -30  )
( 37  18  3  )
( 1  38  -17  )
( 16  2  38  )
( -6  -28  -42  )
( 43  5  -14  )
( 40  -29  4  )
( 42  -1  27  )
( -17  -42  -26  )
( -6  41  37  )
( 39  -45  21  )
( -42  10  -25  )
( -30  2  0  )
( 28  9  -35  )
( -14  17  -25  )
( -10  -20  15  )
( 25  -22  -27  )
( 44  15  -3  )
( -7  11  -15  )
( -29  -48  10  )
( -28  17  49  )
( -3  46  11  )
( -40  -9  15  )
( 0  32  -11  )
( -46  47  -1  )
( 42  37  -0  )
( 14  -1  20  )
( 46  32  38  )
( -35  23  -32  )
( -9  -45  -18  )
( 0  30  -24  )
( 17  -47  -2  )
( -48  -36  -25  )
( -47  7  -35  )
( 18  36  15  )
( -35  19  -18  )
( 24  15  7  )
( 34  38  49  )
( 24  19  29  )
( 25  -47  1  )
( -4  30  -6  )
( 14  20  -26  )
( -13  27  -14  )
( -40  29  12  )
( -1  -45  -27  )
( 38  23  8  )
( 18  -11  -43  )
( 12  -36  38  )
( -41  -12  7  )
( -18  -47  41  )
( -6  -41  22  )
( 13  20  14  )
( -3  18  -5  )
( 1  -11  -40  )
( 39  20  -26  )
( -10  -9  3  )
( -12  34  49  )
( -29  20  46  )
( 38  28  24  )
( -27  -23  12  )
( -18  -1  20  )
( 14  -28  -41  )
( -0  -23  13  )
( -25  -34  14  )
( 35  26  9  )
( -31  -41  5  )
( 2  -3  25  )
( 5  17  36  )
( -9  -12  -35  )
( -38  -44  48  )
( 32  33  48  )
( -37  9  30  )
( -27  -46  -37  )
( 2  -26  -13  )
( -44  -46  -6  )
( -39  -13  26  )
( -0  41  18  )
( -47  -19  5  )
( -45  -46  20  )
( 3  7  48  )
( -26  -24  9  )
( -22  9  47  )
( -47  -30  16  )
( -17  -36  35  )
( 3  -2  42  )
( 49  4  -48  )
( 40  19  -1  )
( 47  -5  12  )
( 47  6  -2  )
( 42  10  -15  )
( 23  -32  -9  )
( -47  14  -7  )
( 16  38  13  )
( 43  17  35  )
( -14  44  -12  )
( 5  -4  -13  )
( 11  -35  -40  )
( 29  2  -8  )
( -32  -39  -2  )
( -1  41  39  )
( -45  26  47  )
( 15  -39  -47  )
( 47  -23  17  )
( -3  -11  4  )
( 5  48  -8  )
( 27  35  17  )
( 41  -6  37  )
( 1  -37  34  )
( -45  -17  -10  )
( -40  -4  30  )
