( -8  -37  -24  )
( 1  -38  -25  )
( -35  13  47  )
( 4  32  -19  )
( -25  -23  47  )
( -19  -28  17  )
( 28  18  31  )
( 5  -28  -16  )
( 40  23  -48  )
( -43  -17  -37  )
( 2  -24  48  )
( -17  44  3  )
( -25  13  -14  )
( 22  -6  18  )
( -16  -21  -18  )
( 38  -6  -37  )
( 45  -38  -21  )
( 42  -13  21  )
( -32  39  -8  )
( -22  14  46  )
( -15  -30  -3  )
( -17  -16  -4  )
( 23  -49  -6  )
( 6  13  -28  )
( 34  14  26  )
( -29  25  13  )
( -25  20  -6  )
( -14  -4  -20  )
( 41  31  6  )
( 40  45  -5  )
( 26  -19  -10  )
( 48  -5  24  )
( 32  33  25  )
( -27  13  -17  )
( -39  36  -3  )
( 48  39  -7  )
( -3  -40  41  )
( -20  27  18  )
( 4  31  48  )
( -31  20  -39  )
( -49  11  -25  )
( -17  -3  -8  )
( 3  28  35  )
( 26  7  47  )
( 30  -28  -12  )
( -41  36  38  )
( -21  -43  1  )
( -17  36  0  )
( -24  -13  9  )
( 32  2  -20  )
( 46  -0  -4  )
( -32  -8  20  )
( 42  -16  7  )
( -34  -18  36  )
( -28  -22  39  )
( 20  -47  -35  )
( -29  -14  37  )
( 49  -35  6  )
( 22  34  -1  )
( 27  -37  3  )
( 38  -40  3  )
( -29  -44  -26  )
( -10  -0  12  )
( -46  -49  -2  )
( -41  30  14  )
( 22  -2  -8  )
( -28  0  -37  )
( 39  46  4  )
( -38  -31  -33  )
( -12  25  -47  )
( -41  35  42  )
( 49  14  -31  )
( 15  -12  16  )
( 6  5  -13  )
( 30  -35  -41  )
( 49  -48  -42  )
( 1  -16  -17  )
( -42  46  -47  )
( -25  9  -20  )
( -34  -49  4  )
( -17  14  -4  )
( -42  36  -4  )
( -7  -31  41  )
( 47  -16  12  )
( 26  -24  45  )
( 44  5  15  )
( 9  -24  39  )
( -35  47  -29  )
( 21  -2  20  )
( -16  5  13  )
( -13  21  -6  )
( -11  36  42  )
( 21  -30  -32  )
( 41  -48  -33  )
( 35  -34  -29  )
( 38  2  44  )
( -23  22  -9  )
( -4  11  8  )
( -21  -49  37  )
( 2  -38  13  )
( 4  -29  -38  )
( -40  -12  37  )
( -35  -30  48  )
( -33  40  -17  )
( 34  -30  29  )
( -34  -37  49  )
( -4  45  35  )
( 0  3  37  )
( -38  39  -45  )
( -9  -28  -16  )
( -0  -41  30  )
( -23  1  -48  )
( 47  -22  -15  )
( 12  -44  18  )
( -24  44  -35  )
( -35  -19  24  )
( 11  30  -47  )
( 18  -36  3  )
( -43  26  48  )
( 37  8  40  )
( 40  37  19  )
( -10  -18  2  )
( 23  35  12  )
( 46  -16  -18  )
( 5  -22  25  )
( -13  0  24  )
( -15  -37  33  )
( 4  23  3  )
( 36  -37  35  )
( -45  7  -4  )
( -7  -43  44  )
( 13  41  9  )
( 25  -10  -22  )
( 34  7  -35  )
( -29  32  3  )
( 7  34  -27  )
( -14  -39  3  )
( 2  7  -9  )
( -47  23  22  )
( 37  -48  -27  )
( 42  18  -10  )
( 1  15  -35  )
( 5  3  26  )
( -0  45  -8  )
( -23  1  37  )
( -6  -25  0  )
( 35  46  -10  )
( -9  -28  27  )
( -9  -42  -0  )
( 32  35  5  )
( -17  -25  -10  )
( -43  -26  -36  )
( 24  -44  9  )
( -2  -32  -49  )
( 35  27  33  )
( 19  -17  12  )
( -13  36  -34  )
( 32  -4  -20  )
( 37  8  16  )
( -16  11  29  )
( 44  -40  49  )
( -38  30  4  )
( 8  -6  35  )
( -24  -21  -19  )
( 42  -16  3  )
( 20  -1  -8  )
( -20  2  43  )
( 49  -25  -2  )
( -14  23  30  )
( 5  12  -22  )
( -41  9  10  )
( -7  -24  13  )
( -39  11  -31  )
( 14  -46  -8  )
( -44  -0  -20  )
( 31  -22  -49  )
( -43  -22  16  )
( 43  34  0  )
( 31  -49  -48  )
( 7  -32  16  )
( 19  -11  38  )
( 49  8  -4  )
( 39  -12  15  )
( -35  -12  17  )
( -33  -36  -48  )
( -26  -38  9  )
( -8  21  -35  )
( -49  0  -2  )
( 43  -11  -49  )
( 44  -27  -8  )
( -33  14  -36  )
( 22  -18  -42  )
( -11  35  13  )
( -43  8  15  )
( 26  -9  -16  )
( -22  21  -41  )
( -41  26  -18  )
( -3  5  -6  )
( -25  21  -20  )
( -30  -18  -42  )
( -12  9  14  )
( -20  -14  -5  )
( 9  -49  -21  )
( 48  9  30  )
( -41  6  2  )
( -45  -8  36  )
( -36  47  43  )
( 25  -19  -26  )
( 39  8  10  )
( 35  -36  33  )
( -19  16  -25  )
( 20  0  -44  )
( -11  -15  -3  )
