( -17  -23  1  )
( 6  -11  -25  )
( -25  43  -34  )
( -40  -44  49  )
( -6  -11  -41  )
( 29  -14  -33  )
( -40  25  -32  )
( -44  -20  22  )
( -26  39  -7  )
( -15  -7  -5  )
( 2  9  21  )
( -12  49  22  )
( 44  1  25  )
( -21  20  -4  )
( -26  18  -12  )
( 17  -10  22  )
( -3  -2  1  )
( 7  17  40  )
( -17  -33  24  )
( 37  34  40  )
( 45  7  -47  )
( -49  17  -27  )
( -44  -40  15  )
( -21  42  3  )
( -13  10  -26  )
( -38  28  -27  )
( -33  46  -30  )
( 3  -11  -36  )
( 7  37  11  )
( 28  -19  2  )
( -36  -24  12  )
( 48  6  30  )
( -3  -47  -7  )
( -3  20  0  )
( 30  -37  -43  )
( 37  -29  -3  )
( -45  -32  35  )
( 20  -10  37  )
( -31  41  2  )
( 27  30  22  )
( -41  13  6  )
( -9  -7  31  )
( -2  41  32  )
( -8  -26  13  )
( 48  47  7  )
( 34  -15  20  )
( 0  24  43  )
( 20  24  15  )
( 38  -45  23  )
( 38  -18  -44  )
( 48  -5  -0  )
( 20  -0  -7  )
( 22  5  46  )
( -43  29  19  )
( 3  15  16  )
( 38  37  12  )
( 28  36  46  )
( 15  -32  -12  )
( -49  40  8  )
( 22  -29  46  )
( -5  34  43  )
( 45  18  -30  )
( 1  -48  28  )
( 1  -27  19  )
( 14  31  5  )
( -34  46  -2  )
( -49  11  -23  )
( 10  -48  26  )
( 28  5  -33  )
( 0  24  23  )
( -1  -18  21  )
( 41  -34  -4  )
( -43  15  4  )
( 29  12  23  )
( -4  16  -38  )
( -1  -33  -7  )
( 49  44  39  )
( 6  -8  -9  )
( 20  -12  39  )
( 27  14  -8  )
( 17  2  36  )
( 0  46  40  )
( -7  5  3  )
( 29  -16  -38  )
( 19  20  -46  )
( -31  -7  14  )
( 30  47  24  )
( -10  -11  -18  )
( 36  17  -44  )
( 42  -17  -0  )
( 5  42  40  )
( 33  -45  -37  )
( 46  -9  -41  )
( 19  8  0  )
( -41  39  9  )
( -31  34  -45  )
( 44  4  47  )
( 26  -27  -28  )
( 16  10  46  )
( 30  37  -24  )
( -31  -30  8  )
( -6  28  23  )
( -47  -42  17  )
( 41  -27  -30  )
( 37  18  49  )
( -8  25  -29  )
( 44  -16  10  )
( -27  24  40  )
( -23  -36  1  )
( -32  -5  18  )
( -37  13  14  )
( 40  -15  20  )
( -41  -20  31  )
( -13  38  -34  )
( 46  -44  7  )
( 9  -37  -18  )
( 24  19  -2  )
( -10  -22  5  )
( -19  -36  -11  )
( 32  -4  25  )
( -18  -28  20  )
( -12  23  -28  )
( 34  45  9  )
( -3  -11  27  )
( -39  -20  11  )
( 17  33  4  )
( 39  -7  16  )
( 37  -0  -18  )
( -42  11  10  )
( 26  -41  -34  )
( 41  17  47  )
( -5  -1  47  )
( -3  14  -17  )
( -4  -33  48  )
( -33  18  14  )
( -30  31  38  )
( 35  20  -44  )
( -7  -5  48  )
( 45  -26  -41  )
( -6  -3  -33  )
( 14  21  -46  )
( 30  -19  11  )
( -10  -24  -13  )
( -16  -44  8  )
( 12  -8  30  )
( -24  -45  -9  )
( 23  -44  26  )
( -47  -29  -46  )
( -3  -27  -20  )
( -46  -40  -14  )
( 44  49  39  )
( -42  11  -25  )
( 24  -13  -14  )
( 40  21  35  )
( 2  -3  -46  )
( -48  -36  21  )
( -16  -19  -3  )
( 34  4  -0  )
( 8  -4  42  )
( -38  37  33  )
( 40  18  4  )
( -30  45  -8  )
( -10  20  -7  )
( 25  -28  34  )
( -16  -36  -3  )
( 47  38  -27  )
( 1  -8  -7  )
( -46  49  42  )
( 11  -2  39  )
( -13  35  -33  )
( 11  7  13  )
( 23  -49  42  )
( -31  -11  -29  )
( 26  7  49  )
( -14  -8  29  )
( 42  4  37  )
( -11  32  -0  )
( -39  -27  2  )
( -0  -4  -26  )
( -33  38  13  )
( 12  15  -27  )
( -28  -8  29  )
( -7  49  47  )
( 3  -15  29  )
( -22  -10  25  )
( 22  48  21  )
( -38  28  23  )
( 11  5  12  )
( 21  -31  -28  )
( 48  -43  -25  )
( -17  -25  -26  )
( -5  28  -38  )
( -31  44  33  )
( -32  -47  2  )
( -40  16  -30  )
( -26  -21  -5  )
( -35  -26  -45  )
( -43  6  -12  )
( 23  -49  42  )
( -43  -46  -12  )
( 8  10  16  )
( 10  44  -1  )
( 35  23  -7  )
( 41  -37  23  )
( 20  -44  12  )
( 17  49  -31  )
( -4  -27  32  )
( -34  48  10  )
( -37  6  -34  )
( 16  28  36  )
( -35  -12  -30  )
( 7  -17  38  )
( -16  -42  20  )
