( 20  14  -3  )
( -3  -48  37  )
( -5  -41  -13  )
( 29  28  47  )
( 9  -15  30  )
( -34  -46  -3  )
( -20  24  33  )
( 17  -48  25  )
( -46  32  7  )
( -39  23  -45  )
( 41  -18  12  )
( 2  -1  26  )
( -30  5  -7  )
( 8  -37  40  )
( -32  47  -33  )
( 18  45  6  )
( 9  35  13  )
( -36  14  43  )
( -28  -45  -37  )
( 4  20  -33  )
( -26  -22  49  )
( 15  33  -34  )
( -29  -35  -27  )
( -10  22  -37  )
( -3  9  -34  )
( 31  -18  -32  )
( -14  19  -17  )
( 13  28  9  )
( -11  -45  49  )
( -24  -33  8  )
( -11  -44  -41  )
( 42  -32  -28  )
( 10  -38  42  )
( -26  -36  -6  )
( -8  -17  25  )
( -41  35  32  )
( 30  -25  6  )
( 17  -1  -44  )
( 0  -45  9  )
( 37  44  -13  )
( 30  -25  40  )
( 46  -26  -12  )
( -30  43  -20  )
( 30  -37  -39  )
( -2  -4  -24  )
( 9  -40  45  )
( 6  -19  -22  )
( 24  34  -16  )
( -27  0  -20  )
( -35  49  15  )
( -2  43  45  )
( -18  42  -16  )
( -32  -38  -45  )
( 16  -46  47  )
( -30  31  16  )
( -29  43  -19  )
( 33  18  -14  )
( -14  29  -5  )
( 37  19  -48  )
( -23  44  -15  )
( -28  18  -30  )
( -13  -20  42  )
( -31  -47  49  )
( -44  34  31  )
( 34  17  -20  )
( 14  -17  8  )
( 42  -23  -33  )
( -48  12  -34  )
( 40  29  48  )
( -41  42  -22  )
( -31  -40  1  )
( -43  0  22  )
( -22  41  4  )
( 37  -14  -43  )
( -37  -19  26  )
( 16  -13  25  )
( -32  46  28  )
( -3  49  15  )
( -9  35  -38  )
( 9  -3  -2  )
( 0  -46  43  )
( -1  -36  -29  )
( 45  -9  29  )
( 48  -46  -42  )
( -3  45  19  )
( 2  19  -41  )
( 49  -46  21  )
( 31  12  -0  )
( -46  25  -49  )
( -9  46  35  )
( -39  30  14  )
( 23  45  -4  )
( -45  14  16  )
( -6  -2  -5  )
( 7  13  29  )
( 40  -26  30  )
( 22  25  37  )
( -18  -45  -34  )
( 12  -4  -29  )
( -17  -5  44  )
( 46  -17  -11  )
( 40  26  -30  )
( -22  -45  -27  )
( 7  -40  41  )
( 30  -0  11  )
( -13  27  39  )
( -20  -16  10  )
( 48  18  -44  )
( 13  1  -19  )
( 8  -29  -23  )
( 34  7  -39  )
( -1  -30  -19  )
( 12  -10  0  )
( 32  -29  -35  )
( 3  19  -0  )
( 46  -17  21  )
( -39  24  -42  )
( -8  39  12  )
( -38  34  25  )
( -13  8  29  )
( 43  -35  29  )
( 22  49  33  )
( 47  -5  42  )
( -0  -35  25  )
( 24  40  -42  )
( -18  -15  -32  )
( -25  1  2  )
( -34  21  -37  )
( -37  -11  14  )
( -4  29  31  )
( 27  12  3  )
( 29  -22  -41  )
( 39  9  11  )
( 36  -24  44  )
( 22  9  -35  )
( 33  46  10  )
( -41  0  19  )
( -46  -40  -10  )
( -46  -8  -13  )
( -9  45  -32  )
( -24  -28  -6  )
( 5  -26  -14  )
( 44  -36  -49  )
( 31  39  33  )
( 36  49  -14  )
( 49  20  5  )
( -28  9  -25  )
( -32  11  41  )
( -33  30  24  )
( -0  -35  11  )
( -41  -9  39  )
( 32  -6  2  )
( -46  4  48  )
( -42  8  -31  )
( 39  -49  -11  )
( -22  -2  -27  )
( -33  -2  -44  )
( 7  -11  5  )
( -16  48  -31  )
( -10  7  -36  )
( -31  19  46  )
( 11  39  18  )
( -28  -7  -44  )
( -12  -42  49  )
( 38  -31  6  )
( 19  -4  36  )
( 30  10  -0  )
( 16  8  -32  )
( 3  34  -6  )
( 32  20  -15  )
( 41  29  38  )
( 47  36  48  )
( 8  11  -25  )
( 23  -6  8  )
( -3  -14  -2  )
( -13  39  -42  )
( -27  -6  -28  )
( -40  15  -14  )
( -38  39  -17  )
( 25  24  -10  )
( -1  -18  14  )
( 30  43  5  )
( 23  5  -48  )
( 40  -16  -12  )
( -13  -15  -38  )
( 35  29  6  )
( 30  35  -29  )
( -11  27  38  )
( 48  -9  2  )
( -24  -12  26  )
( 12  -49  -39  )
( 35  11  5  )
( -24  -41  -47  )
( 33  6  28  )
( -42  3  -48  )
( 2  -24  -13  )
( -9  -10  20  )
( 30  -24  12  )
( -49  10  -36  )
( 22  -1  -3  )
( -12  -31  -43  )
( 5  33  -47  )
( -15  -29  -0  )
( 34  -0  -21  )
( -14  -46  -20  )
( -35  47  -30  )
( 3  41  -10  )
( -44  39  -47  )
( 36  -5  -34  )
( -15  -5  -25  )
( 10  -1  11  )
( 16  23  35  )
( 22  13  18  )
