( 9  46  43  )
( -41  13  31  )
( 31  -11  16  )
( -19  -44  -28  )
( 33  -30  -20  )
( 6  14  -42  )
( -13  19  -9  )
( -34  -1  -38  )
( -11  -5  -19  )
( -36  -29  10  )
( 10  -9  40  )
( 22  -30  -43  )
( 17  -9  36  )
( 23  7  24  )
( -26  -39  -38  )
( -12  30  -2  )
( 6  -49  20  )
( 17  -12  5  )
( 33  38  2  )
( -31  -13  2  )
( -27  47  -40  )
( -5  -41  38  )
( 13  36  -37  )
( -29  -41  -12  )
( 48  2  3  )
( 45  -49  -18  )
( -3  38  -28  )
( -0  -29  24  )
( -44  31  -7  )
( -23  29  -39  )
( -39  -8  -23  )
( 30  -29  -14  )
( -6  49  32  )
( 5  16  48  )
( 33  -23  15  )
( 41  34  43  )
( 35  3  41  )
( 1  30  45  )
( -30  39  3  )
( 34  31  -25  )
( 16  -4  28  )
( -43  -33  -20  )
( 28  24  -16  )
( 25  16  37  )
( 13  38  47  )
( -4  23  30  )
( -46  -25  -40  )
( 35  -49  -28  )
( -30  32  14  )
( 18  7  -16  )
( -26  11  -18  )
( 26  -37  -25  )
( 33  -16  -9  )
( 25  -2  41  )
( 18  37  -27  )
( 7  -49  11  )
( -44  -9  41  )
( 11  -8  -49  )
( -29  -3  4  )
( -41  44  -21  )
( -1  42  47  )
( 11  -29  40  )
( 11  32  29  )
( 29  -2  -26  )
( 27  31  -16  )
( 23  -17  31  )
( 3  -9  -24  )
( -0  38  21  )
( -41  -8  -20  )
( 49  43  29  )
( -0  46  -33  )
( -19  20  48  )
( -49  -1  40  )
( -13  -29  11  )
( 39  -0  -1  )
( 16  -2  -6  )
( -9  -5  -16  )
( -15  -1  40  )
( -44  -22  43  )
( 13  28  9  )
( 26  -9  12  )
( 39  -34  42  )
( 18  6  -11  )
( 14  23  21  )
( 19  17  -43  )
( -1  -33  -43  )
( -5  46  8  )
( -48  11  31  )
( 34  46  44  )
( 21  -25  -0  )
( 45  -44  -34  )
( 35  48  32  )
( -34  44  8  )
( -44  -49  -34  )
( -16  48  46  )
( 33  -26  35  )
( -36  23  -45  )
( 45  31  -35  )
( 21  29  20  )
( 36  23  -0  )
( -11  41  -0  )
( 26  -7  -0  )
( 40  4  -0  )
( 25  -6  23  )
( -31  -2  12  )
( -20  10  13  )
( -2  39  6  )
( -28  -12  -16  )
( -46  37  14  )
( -0  -23  -7  )
( -6  3  0  )
( 22  48  -2  )
( -19  20  10  )
( 33  36  -18  )
( -49  9  16  )
( -36  14  -13  )
( -32  -36  -28  )
( 18  -28  36  )
( -17  -21  -0  )
( 48  -0  -16  )
( -31  24  -28  )
( 45  1  48  )
( -10  -31  -25  )
( 5  16  33  )
( 30  5  0  )
( -25  -33  7  )
( 3  -41  -44  )
( -27  -5  45  )
( -32  21  -23  )
( -39  -16  -2  )
( -4  48  17  )
( -8  -25  -13  )
( 1  -45  -10  )
( 10  49  -46  )
( -20  -21  29  )
( -21  -39  0  )
( 49  16  22  )
( -47  -29  40  )
( -10  -1  22  )
( -13  14  23  )
( 21  -0  10  )
( 13  -30  26  )
( -33  -18  11  )
( -2  9  -22  )
( -1  5  -31  )
( -18  -31  33  )
( 23  -40  -20  )
( -26  -1  7  )
( 39  -6  26  )
( -1  19  49  )
( 1  23  29  )
( -29  32  -40  )
( 38  -22  -4  )
( 33  -41  -14  )
( 12  -38  46  )
( 38  -31  29  )
( -45  38  39  )
( -41  -39  -45  )
( 38  46  -0  )
( -7  -39  -41  )
( -45  3  -48  )
( -13  -44  48  )
( 7  -21  40  )
( 12  7  34  )
( -8  15  26  )
( 8  -16  36  )
( 48  23  40  )
( -1  -44  -7  )
( 2  -4  30  )
( 29  48  -4  )
( 44  -0  30  )
( 36  22  23  )
( 48  39  -38  )
( 20  -28  41  )
( 13  -18  9  )
( -49  -18  43  )
( 6  48  20  )
( 35  5  21  )
( -36  -17  4  )
( -17  -12  27  )
( -29  26  37  )
( -13  -43  -32  )
( -12  -34  -20  )
( 22  -19  17  )
( -20  -30  41  )
( -17  -39  18  )
( 49  -39  13  )
( 12  -32  -13  )
( -17  23  37  )
( 27  31  -47  )
( 20  43  35  )
( -19  -36  -41  )
( -35  8  -30  )
( -36  1  16  )
( 34  0  46  )
( -1  -18  -17  )
( -8  -18  -3  )
( 40  -38  -28  )
( -36  -0  -20  )
( 48  -4  -28  )
( 5  37  -8  )
( -24  25  35  )
( -13  -24  -0  )
( 43  22  -46  )
( 37  36  49  )
( 20  3  -12  )
( -35  -36  38  )
( -13  49  8  )
( 9  34  -38  )
( 2  -30  9  )
( 46  -30  -14  )
( 40  2  48  )
( 11  36  -32  )
