( 22  -5  20  )
( -39  38  -1  )
( -48  22  -28  )
( -5  -3  -20  )
( 32  12  -14  )
( 9  35  36  )
( -43  27  46  )
( 40  1  -14  )
( 34  21  -30  )
( -2  -47  15  )
( -42  16  21  )
( 27  -33  5  )
( -22  -4  44  )
( 1  -8  47  )
( 2  3  -36  )
( -4  27  14  )
( -9  -3  -23  )
( 7  45  33  )
( 13  -3  30  )
( -31  19  -46  )
( 37  47  22  )
( 16  45  12  )
( 41  -48  31  )
( 10  29  -48  )
( -19  20  -30  )
( 4  -31  42  )
( 16  -26  -12  )
( 42  23  7  )
( 36  47  -8  )
( -4  35  37  )
( 36  -0  -45  )
( -12  -36  -14  )
( 25  26  38  )
( 34  13  24  )
( -34  -4  -40  )
( -43  -10  13  )
( -20  34  7  )
( 16  -10  -17  )
( -36  32  -43  )
( 49  -8  -14  )
( -3  21  -39  )
( 15  24  -28  )
( 23  -28  26  )
( -31  29  -33  )
( -46  42  -38  )
( 47  46  6  )
( -35  -34  -15  )
( 48  41  47  )
( 29  -21  -12  )
( 6  -25  17  )
( 40  22  -24  )
( -41  -30  49  )
( -21  37  1  )
( 10  -37  -34  )
( -6  26  36  )
( -6  39  -12  )
( -1  37  -13  )
( 38  36  -16  )
( -26  -36  -31  )
( 29  43  -15  )
( 29  -33  -34  )
( -25  -43  -24  )
( 12  41  -1  )
( -31  32  13  )
( 12  27  15  )
( -21  9  -41  )
( 37  42  -33  )
( -32  -14  29  )
( 2  -26  16  )
( -43  -45  39  )
( -42  9  -37  )
( 48  45  46  )
( 16  37  -8  )
( 7  -38  -48  )
( 44  -14  27  )
( -18  -12  -2  )
( 23  13  -19  )
( -8  49  43  )
( -17  31  3  )
( 18  36  -45  )
( 5  -41  29  )
( -5  -26  -24  )
( 44  -40  -26  )
( -21  -49  -30  )
( -48  13  -0  )
( 20  -18  -17  )
( -33  14  11  )
( -13  -5  -48  )
( 27  -45  5  )
( 26  3  -10  )
( 29  -25  -4  )
( 1  27  10  )
( -28  -11  -12  )
( -7  -16  -39  )
( -49  0  33  )
( 40  4  26  )
( 45  14  -26  )
( 18  -42  -11  )
( -36  30  40  )
( -1  3  5  )
( 31  -25  38  )
( -44  -48  -35  )
( -29  -36  10  )
( -14  23  -8  )
( -42  -27  -34  )
( 9  38  25  )
( 38  30  -29  )
( -12  40  -19  )
( -6  34  47  )
( 39  -22  37  )
( 32  -29  39  )
( -41  -35  -39  )
( -13  -46  -4  )
( -27  14  46  )
( 42  -6  14  )
( -49  30  27  )
( 38  45  -29  )
( -31  -38  44  )
( 40  4  -35  )
( -33  34  -48  )
( 39  26  19  )
( 26  -8  31  )
( 22  2  34  )
( 46  7  -31  )
( -43  -18  41  )
( -32  -18  -38  )
( -31  37  -4  )
( 19  -47  32  )
( -42  0  4  )
( -32  -23  -21  )
( -23  37  48  )
( -8  15  11  )
( -21  -41  -10  )
( 9  -1  11  )
( 15  22  17  )
( -8  46  7  )
( -40  -6  17  )
( -9  40  21  )
( -4  -43  -11  )
( 2  33  -15  )
( -24  -13  34  )
( -25  27  19  )
( -38  -49  -8  )
( 5  -0  -35  )
( 22  17  -2  )
( -8  41  -24  )
( -36  -23  4  )
( -16  -28  42  )
( -32  -38  -43  )
( 14  -26  15  )
( -40  -27  -15  )
( -9  17  -8  )
( 5  15  -41  )
( -15  -34  14  )
( -1  9  8  )
( 25  -27  -8  )
( -16  14  37  )
( -31  -25  8  )
( 18  46  2  )
( -2  -4  35  )
( 22  38  31  )
( -2  -4  -29  )
( -42  5  17  )
( 46  2  -37  )
( 7  -25  -17  )
( 38  43  10  )
( 20  2  -19  )
( 34  31  0  )
( 6  -49  -45  )
( 2  -40  10  )
( -10  27  -14  )
( 15  -3  47  )
( -24  -27  -46  )
( -38  -48  41  )
( -46  -25  34  )
( -12  39  -37  )
( -1  -16  34  )
( 33  38  -10  )
( 27  45  36  )
( -9  25  37  )
( -9  22  12  )
( -4  10  -26  )
( 8  21  -27  )
( -18  -28  16  )
( -2  -35  28  )
( 25  38  -32  )
( 10  -6  18  )
( -12  46  -48  )
( 10  -2  34  )
( 7  -40  49  )
( -28  -13  -2  )
( 28  -49  16  )
( 35  5  -2  )
( -39  -34  -36  )
( -43  -6  42  )
( 29  36  23  )
( 26  -42  19  )
( 28  22  -19  )
( -12  -11  -37  )
( -49  -14  32  )
( -7  -46  47  )
( 5  0  38  )
( 46  23  -13  )
( 4  18  -33  )
( -43  21  18  )
( 39  -12  31  )
( -49  33  47  )
( -23  25  45  )
( 16  25  -24  )
( -4  -19  -22  )
( -16  39  -37  )
( -38  19  14  )
( -43  25  6  )
