( -17  34  -28  )
( -26  -1  45  )
( -15  -18  -21  )
( -4  6  -30  )
( -44  24  -3  )
( 44  39  46  )
( -32  16  -46  )
( 19  -42  33  )
( -20  -45  -16  )
( 47  1  -49  )
( 46  29  -21  )
( -38  39  -4  )
( 30  -33  19  )
( -29  7  39  )
( 14  40  -10  )
( 46  33  3  )
( -2  -33  8  )
( -32  18  19  )
( -31  21  -17  )
( 24  -35  8  )
( -35  -14  32  )
( 4  36  -9  )
( -14  -6  2  )
( 47  41  -44  )
( 6  -35  39  )
( 36  35  -13  )
( -47  40  -44  )
( -44  -45  37  )
( -16  30  12  )
( -19  -33  -41  )
( 4  -44  -19  )
( -38  -26  45  )
( 34  -23  -12  )
( -47  7  -29  )
( 46  -2  17  )
( 22  14  -6  )
( -0  -35  -19  )
( -26  -12  -17  )
( -26  40  -38  )
( 45  -44  -19  )
( 32  -1  -3  )
( 30  6  1  )
( 25  -3  31  )
( 26  -42  -2  )
( -4  28  -3  )
( 25  43  -36  )
( 36  -37  16  )
( 1  -38  0  )
( -9  -19  -28  )
( -36  11  -18  )
( -49  -11  37  )
( 28  31  -37  )
( -5  -33  -19  )
( -14  -24  -15  )
( 21  46  -31  )
( 23  42  -48  )
( 47  23  31  )
( 13  -10  -11  )
( 5  25  15  )
( -33  -4  0  )
( 46  37  41  )
( 46  28  0  )
( 15  -24  -25  )
( 20  -12  45  )
( -23  13  10  )
( 20  6  -43  )
( -20  -35  16  )
( -5  19  10  )
( 17  -6  -14  )
( 41  46  48  )
( -14  18  46  )
( 12  34  -26  )
( 17  24  1  )
( -19  -35  16  )
( 13  32  -19  )
( 34  45  14  )
( 34  -46  47  )
( -6  -21  -47  )
( -25  17  -13  )
( -11  21  45  )
( -40  -18  -42  )
( 26  12  -22  )
( -18  -24  37  )
( -8  26  16  )
( 2  -8  -28  )
( 46  22  -7  )
( 40  17  -1  )
( -33  25  29  )
( 12  -45  -25  )
( 8  31  -0  )
( -36  35  27  )
( 38  40  -45  )
( -7  -4  -39  )
( 46  1  -8  )
( -2  43  49  )
( -12  -28  -15  )
( -25  -28  4  )
( 11  -33  10  )
( -2  -24  12  )
( 1  28  21  )
( -19  -4  -11  )
( -48  27  11  )
( -5  13  -15  )
( -6  -7  16  )
( 32  -43  11  )
( -38  25  35  )
( 48  -2  -10  )
( -0  -23  48  )
( -34  -19  3  )
( -22  -31  -45  )
( 29  46  -36  )
( 18  6  44  )
( -45  47  2  )
( -1  49  -38  )
( -40  -11  -8  )
( 40  47  -48  )
( -0  -47  26  )
( -16  -4  12  )
( -28  -3  -26  )
( -27  2  -16  )
( -31  -11  -39  )
( -21  13  -1  )
( 29  24  6  )
( -28  -35  -7  )
( 0  44  -30  )
( 43  -48  -26  )
( -1  -8  22  )
( -20  9  43  )
( 12  -43  3  )
( 35  -41  14  )
( 1  35  39  )
( 24  20  37  )
( 30  47  -17  )
( 18  -13  33  )
( -12  -3  -24  )
( 40  -4  13  )
( -39  -7  10  )
( 26  31  16  )
( 34  21  -20  )
( 13  45  25  )
( 12  19  20  )
( -35  5  18  )
( 25  -3  -38  )
( -15  -14  -0  )
( -41  -2  -34  )
( -8  29  14  )
( 11  -9  43  )
( 3  0  -36  )
( 30  32  -27  )
( 11  43  26  )
( -33  -9  -4  )
( -36  35  10  )
( -1  4  -19  )
( 12  17  9  )
( -6  28  -17  )
( -2  47  14  )
( 33  -3  48  )
( -39  -4  44  )
( 31  -35  -30  )
( 41  37  48  )
( 37  -0  22  )
( -43  49  -44  )
( 12  -2  9  )
( -20  -19  -29  )
( -8  -32  -15  )
( 35  19  -40  )
( 7  -36  -11  )
( 11  -39  -28  )
( -18  10  44  )
( -9  -0  -11  )
( -0  14  28  )
( -35  17  -41  )
( -11  -0  -1  )
( -13  37  43  )
( 6  28  26  )
( -41  48  -30  )
( 26  22  -49  )
( 48  14  -22  )
( 44  -25  7  )
( -46  -1  -25  )
( -24  -1  30  )
( 33  -30  -31  )
( 24  -26  29  )
( -6  -37  1  )
( -10  24  -34  )
( 38  -12  -35  )
( 22  29  43  )
( -36  -20  27  )
( 37  -13  -46  )
( 2  -46  -24  )
( -9  34  44  )
( -1  -8  17  )
( 35  -22  15  )
( 27  39  0  )
( 41  5  -32  )
( 8  13  -9  )
( -7  2  31  )
( -32  -49  4  )
( -46  31  39  )
( 31  47  -30  )
( 27  14  -25  )
( -34  -29  -4  )
( 20  -5  15  )
( 13  47  48  )
( -34  33  38  )
( -5  -21  37  )
( -49  38  27  )
( 22  14  -42  )
( 24  -26  -30  )
( -17  40  -20  )
( -12  2  -4  )
( 3  -29  -43  )
( -12  13  -11  )
